1 49 50 1123 1 49 50 1123 1 49 50 1123 1 49 50 1123 1 49 50 1123
2 53 54 468 54 54 54 54 54 54 54 2 53 54 468 54 54 54 54 54 54 54 2 53 54 468 54 54 54 54 54 54 54 2 53 54 468 54 54 54 54 54 54 54 2 53 54 468
3 55 905 3 55 905 3 55 905 3 55 905 3 55 905
4 1178 281 4 1178 281 4 1178 281 4 1178 281 4 1178 281
5 596 5 596 5 596 5 596 5 596
6 7 6 7 6 7 6 7 6 7
8 8 9 9 8 8 9 9 8 8 9 9 8 8 9 9 8 8 9 9
10 11 10 11 10 11 10 11 10 11
12 12 12 12 12
13 14 14 14 14 14 14 14 14 13 14 14 14 14 14 14 14 14 13 14 14 14 14 14 14 14 14 13 14 14 14 14 14 14 14 14 13 14
15 195 842 15 195 842 15 195 842 15 195 842 15 195 842
16 17 18 19 20 68 195 842 68 68 68 68 68 68 68 16 17 18 19 20 68 195 842 68 68 68 68 68 68 68 16 17 18 19 20 68 195 842 68 68 68 68 68 68 68 16 17 18 19 20 68 195 842 68 68 68 68 68 68 68 16 17 18 19 20 68 195 842
21 22 22 21 22 22 21 22 22 21 22 22 21 22 22
23 24 25 26 27 28 23 24 25 26 27 28 23 24 25 26 27 28 23 24 25 26 27 28 23 24 25 26 27 28
25 29 24 30 25 29 24 30 25 29 24 30 25 29 24 30 25 29 24 30
31 32 33 31 32 33 31 32 33 31 32 33 31 32 33
34 34 75 34 34 75 34 34 75 34 34 75 34 34 75
35 36 35 36 35 36 35 36 35 36
37 1230 1231 37 1230 1231 37 1230 1231 37 1230 1231 37 1230 1231
38 39 40 41 42 78 38 39 40 41 42 78 38 39 40 41 42 78 38 39 40 41 42 78 38 39 40 41 42 78
43 44 45 46 47 43 44 45 46 47 43 44 45 46 47 43 44 45 46 47 43 44 45 46 47
48 48 48 48 48
51 52 1175 51 52 1175 51 52 1175 51 52 1175 51 52 1175
56 57 58 59 56 57 58 59 56 57 58 59 56 57 58 59 56 57 58 59
60 61 60 61 60 61 60 61 60 61
62 62 62 62 62
63 63 63 63 63
64 426 64 426 64 426 64 426 64 426
65 66 66 67 65 66 66 67 65 66 66 67 65 66 66 67 65 66 66 67
69 1214 1215 1216 1217 1123 354 1218 69 1214 1215 1216 1217 1123 354 1218 69 1214 1215 1216 1217 1123 354 1218 69 1214 1215 1216 1217 1123 354 1218 69 1214 1215 1216 1217 1123 354 1218
70 70 70 70 70
71 71 71 71 71
72 73 74 802 468 198 72 73 74 802 468 198 72 73 74 802 468 198 72 73 74 802 468 198 72 73 74 802 468 198
76 76 76 76 76
77 77 77 77 77 77 77 77 77 77
79 132 79 132 79 132 79 132 79 132
22 413 22 413 22 413 22 413 22 413
76 76 76 76 76
80 3152 80 3152 80 3152 80 3152 80 3152
81 3152 81 3152 81 3152 81 3152 81 3152
82 83 84 422 82 83 84 422 82 83 84 422 82 83 84 422 82 83 84 422
5 85 423 424 424 425 5 85 423 424 424 425 5 85 423 424 424 425 5 85 423 424 424 425 5 85 423 424 424 425
86 87 426 230 86 87 426 230 86 87 426 230 86 87 426 230 86 87 426 230
88 49 63 427 428 88 49 63 427 428 88 49 63 427 428 88 49 63 427 428 88 49 63 427 428
89 90 89 90 89 90 89 90 89 90
91 92 429 91 92 429 91 92 429 91 92 429 91 92 429
93 935 1969 93 935 1969 93 935 1969 93 935 1969 93 935 1969
94 122 63 939 940 941 942 1709 1708 94 122 63 939 940 941 942 1709 1708 94 122 63 939 940 941 942 1709 1708 94 122 63 939 940 941 942 1709 1708 94 122 63 939 940 941 942 1709 1708
95 96 3161 3161 2558 1117 1117 1117 1117 1117 1117 1117 1117 95 96 3161 3161 2558 1117 1117 1117 1117 1117 1117 1117 1117 95 96 3161 3161 2558 1117 1117 1117 1117 1117 1117 1117 1117 95 96 3161 3161 2558 1117 1117 1117 1117 1117 1117 1117 1117 95 96 3161 3161 2558 1117
97 1970 1971 423 97 1970 1971 423 97 1970 1971 423 97 1970 1971 423 97 1970 1971 423
98 98 943 944 474 945 946 1952 98 98 943 944 474 945 946 1952 98 98 943 944 474 945 946 1952 98 98 943 944 474 945 946 1952 98 98 943 944 474 945 946 1952
99 99 99 99 99
53 551 1972 53 551 1972 53 551 1972 53 551 1972 53 551 1972
100 101 102 337 468 441 100 101 102 337 468 441 100 101 102 337 468 441 100 101 102 337 468 441 100 101 102 337 468 441
76 136 1765 1117 1632 1117 1117 1117 1117 1117 1117 1117 76 136 1765 1117 1632 1117 1117 1117 1117 1117 1117 1117 76 136 1765 1117 1632 1117 1117 1117 1117 1117 1117 1117 76 136 1765 1117 1632 1117 1117 1117 1117 1117 1117 1117 76 136 1765 1117 1632
103 103 103 103 103 103 103 103 103 103 103 103 103 103 103 103 103 103 103 103 103 103 103 103 103 103 103 103 103 103 103 103 103
104 109 104 109 104 109 104 109 104 109
105 106 105 106 105 106 105 106 105 106
107 107 107 107 107 107 107 107 107 107 107 107 107 107 107 107 107 107 107 107 107 107 107 107 107 107 107 107 107 107 107 107 107
108 109 108 109 108 109 108 109 108 109
110 110 110 110 110
111 954 164 955 956 957 958 959 960 92 165 293 416 289 961 962 111 954 164 955 956 957 958 959 960 92 165 293 416 289 961 962 111 954 164 955 956 957 958 959 960 92 165 293 416 289 961 962 111 954 164 955 956 957 958 959 960 92 165 293 416 289 961 962 111 954 164 955 956 957 958 959 960 92 165 293 416 289 961 962
85 112 113 114 115 116 156 1978 85 112 113 114 115 116 156 1978 85 112 113 114 115 116 156 1978 85 112 113 114 115 116 156 1978 85 112 113 114 115 116 156 1978
117 118 119 92 1980 118 119 118 119 118 119 118 119 118 119 118 119 118 119 117 118 119 92 1980 118 119 118 119 118 119 118 119 118 119 118 119 118 119 117 118 119 92 1980 118 119 118 119 118 119 118 119 118 119 118 119 118 119 117 118 119 92 1980 118 119 118 119 118 119 118 119 118 119 118 119 118 119 117 118 119 92 1980
120 120 120 120 120
117 924 531 3178 653 924 924 924 924 924 924 924 117 924 531 3178 653 924 924 924 924 924 924 924 117 924 531 3178 653 924 924 924 924 924 924 924 117 924 531 3178 653 924 924 924 924 924 924 924 117 924 531 3178 653
121 460 121 460 121 460 121 460 121 460
63 122 1059 63 122 1059 63 122 1059 63 122 1059 63 122 1059
123 179 123 123 123 123 123 123 123 123 179 123 123 123 123 123 123 123 123 179 123 123 123 123 123 123 123 123 179 123 123 123 123 123 123 123 123 179
124 124 124 124 124
125 3170 1286 125 3170 1286 125 3170 1286 125 3170 1286 125 3170 1286
126 126 60 461 3141 126 126 60 461 3141 126 126 60 461 3141 126 126 60 461 3141 126 126 60 461 3141
127 128 3172 3172 3172 3172 3172 3172 3172 3172 127 128 3172 3172 3172 3172 3172 3172 3172 3172 127 128 3172 3172 3172 3172 3172 3172 3172 3172 127 128 3172 3172 3172 3172 3172 3172 3172 3172 127 128 3172
129 130 131 132 462 129 130 131 132 462 129 130 131 132 462 129 130 131 132 462 129 130 131 132 462
133 134 76 2653 133 134 76 2653 133 134 76 2653 133 134 76 2653 133 134 76 2653
135 136 137 263 135 136 137 263 135 136 137 263 135 136 137 263 135 136 137 263
138 138 138 138 138
139 123 123 123 123 123 123 123 123 139 123 123 123 123 123 123 123 123 139 123 123 123 123 123 123 123 123 139 123 123 123 123 123 123 123 123 139 123
140 141 142 478 140 141 142 478 140 141 142 478 140 141 142 478 140 141 142 478
143 144 143 144 143 144 143 144 143 144
145 268 483 59 145 268 483 59 145 268 483 59 145 268 483 59 145 268 483 59
146 147 148 156 302 19 18 499 146 147 148 156 302 19 18 499 146 147 148 156 302 19 18 499 146 147 148 156 302 19 18 499 146 147 148 156 302 19 18 499
149 858 1594 149 858 1594 149 858 1594 149 858 1594 149 858 1594
89 89 89 89 89
150 151 975 829 709 3180 805 150 151 975 829 709 3180 805 150 151 975 829 709 3180 805 150 151 975 829 709 3180 805 150 151 975 829 709 3180 805
152 153 154 155 152 153 154 155 152 153 154 155 152 153 154 155 152 153 154 155
156 157 156 157 156 157 156 157 156 157
158 159 160 158 159 160 158 159 160 158 159 160 158 159 160
161 801 1374 921 1519 444 1863 60 2092 161 801 1374 921 1519 444 1863 60 2092 161 801 1374 921 1519 444 1863 60 2092 161 801 1374 921 1519 444 1863 60 2092 161 801 1374 921 1519 444 1863 60 2092
162 1285 1286 2097 162 1285 1286 2097 162 1285 1286 2097 162 1285 1286 2097 162 1285 1286 2097
163 164 165 166 167 979 176 266 473 129 163 164 165 166 167 979 176 266 473 129 163 164 165 166 167 979 176 266 473 129 163 164 165 166 167 979 176 266 473 129 163 164 165 166 167 979 176 266 473 129
168 169 23 170 171 172 511 279 171 171 171 171 171 171 171 168 169 23 170 171 172 511 279 171 171 171 171 171 171 171 168 169 23 170 171 172 511 279 171 171 171 171 171 171 171 168 169 23 170 171 172 511 279 171 171 171 171 171 171 171 168 169 23 170 171 172 511 279
173 1985 1984 92 1986 672 173 1985 1984 92 1986 672 173 1985 1984 92 1986 672 173 1985 1984 92 1986 672 173 1985 1984 92 1986 672
173 174 6 285 173 174 6 285 173 174 6 285 173 174 6 285 173 174 6 285
175 806 175 806 175 806 175 806 175 806
174 514 515 268 3191 3192 448 174 514 515 268 3191 3192 448 174 514 515 268 3191 3192 448 174 514 515 268 3191 3192 448 174 514 515 268 3191 3192 448
176 519 520 136 521 2268 2148 176 519 520 136 521 2268 2148 176 519 520 136 521 2268 2148 176 519 520 136 521 2268 2148 176 519 520 136 521 2268 2148
177 177 177 177 177
178 56 1265 178 56 1265 178 56 1265 178 56 1265 178 56 1265
179 180 179 180 179 180 179 180 179 180
181 302 63 303 109 181 302 63 303 109 181 302 63 303 109 181 302 63 303 109 181 302 63 303 109
98 98 98 98 98
182 1275 1276 1276 1277 376 193 1278 1050 119 118 118 119 118 119 118 119 118 119 118 119 118 119 118 119 182 1275 1276 1276 1277 376 193 1278 1050 119 118 118 119 118 119 118 119 118 119 118 119 118 119 118 119 182 1275 1276 1276 1277 376 193 1278 1050 119 118 118 119 118 119 118 119 118 119 118 119 118 119 118 119 182 1275 1276 1276 1277 376 193 1278 1050 119 118 118 119 118 119 118 119 118 119 118 119 118 119 118 119 182 1275 1276 1276 1277 376 193 1278 1050 119 118
183 19 1076 929 325 328 337 498 183 19 1076 929 325 328 337 498 183 19 1076 929 325 328 337 498 183 19 1076 929 325 328 337 498 183 19 1076 929 325 328 337 498
184 185 186 184 185 186 184 185 186 184 185 186 184 185 186
187 597 597 597 597 597 597 597 597 187 597 597 597 597 597 597 597 597 187 597 597 597 597 597 597 597 597 187 597 597 597 597 597 597 597 597 187 597
188 189 57 596 188 189 57 596 188 189 57 596 188 189 57 596 188 189 57 596
190 191 192 2465 49 63 122 303 2466 1025 2467 190 191 192 2465 49 63 122 303 2466 1025 2467 190 191 192 2465 49 63 122 303 2466 1025 2467 190 191 192 2465 49 63 122 303 2466 1025 2467 190 191 192 2465 49 63 122 303 2466 1025 2467
193 1284 1285 1286 1287 337 22 2275 193 1284 1285 1286 1287 337 22 2275 193 1284 1285 1286 1287 337 22 2275 193 1284 1285 1286 1287 337 22 2275 193 1284 1285 1286 1287 337 22 2275
194 1290 1074 2469 1771 263 194 1290 1074 2469 1771 263 194 1290 1074 2469 1771 263 194 1290 1074 2469 1771 263 194 1290 1074 2469 1771 263
195 196 123 197 793 1156 123 1156 123 1156 123 1156 123 1156 123 1156 123 1156 123 1156 195 196 123 197 793 1156 123 1156 123 1156 123 1156 123 1156 123 1156 123 1156 123 1156 195 196 123 197 793 1156 123 1156 123 1156 123 1156 123 1156 123 1156 123 1156 123 1156 195 196 123 197 793 1156 123 1156 123 1156 123 1156 123 1156 123 1156 123 1156 123 1156 195 196 123 197 793 1156
198 104 1290 732 198 104 1290 732 198 104 1290 732 198 104 1290 732 198 104 1290 732
199 60 200 199 60 200 199 60 200 199 60 200 199 60 200
201 201 201 201 201
94 202 203 124 124 1293 997 94 202 203 124 124 1293 997 94 202 203 124 124 1293 997 94 202 203 124 124 1293 997 94 202 203 124 124 1293 997
46 135 63 204 205 206 207 208 1156 793 1156 1156 1156 1156 1156 1156 1156 46 135 63 204 205 206 207 208 1156 793 1156 1156 1156 1156 1156 1156 1156 46 135 63 204 205 206 207 208 1156 793 1156 1156 1156 1156 1156 1156 1156 46 135 63 204 205 206 207 208 1156 793 1156 1156 1156 1156 1156 1156 1156 46 135 63 204 205 206 207 208 1156 793
209 209 209 209 209
210 211 210 211 210 211 210 211 210 211
212 212 212 212 212
213 214 215 1158 150 150 213 214 215 1158 150 150 213 214 215 1158 150 150 213 214 215 1158 150 150 213 214 215 1158 150 150
183 63 183 63 183 63 183 63 183 63
216 217 218 219 216 217 218 219 219 219 218 218 219 219 218 218 219 219 218 218 219 219 218 218 219 219 218 218 219 219 218 218 219 219 218 218 216 217 218 219 216 217 218 219 219 219 218 218 219 219 218 218 219 219 218 218 219 219 218 218 219 219 218 218 219 219 218 218 219 219 218 218 216 217 218 219 216 217 218 219 219 219 218 218 219 219 218 218 219 219 218 218 219 219 218 218 219 219 218 218 219 219 218 218 219 219 218 218 216 217 218 219 216 217 218 219 219 219 218 218 219 219 218 218 219 219 218 218 219 219 218 218 219 219 218 218 219 219 218 218 219 219 218 218 216 217 218 219 216 217 218 219
220 221 2510 17 884 467 337 3706 3706 3706 3706 3706 3706 3706 3706 3706 3706 220 221 2510 17 884 467 337 3706 3706 3706 3706 3706 3706 3706 3706 3706 3706 3706 3706 3706 3706 3706 3706 3706 3706 3706 3706 3706 3706 3706 3706 3706 3706 3706 3706 3706 3706 3706 3706 3706 3706 3706 3706 3706 3706 3706 3706 3706 3706 3706 3706 3706 3706 3706 3706 3706 3706 3706 3706 3706 3706 3706 3706 3706 3706 3706 3706 3706 3706 3706 3706 3706 3706 3706 3706 3706 3706 3706 3706 3706 3706 3706 3706 3706 3706 3706 3706 220 221 2510 17 884 467 337 3706 3706 3706 3706 3706 3706 3706 3706 3706 3706 3706 3706 3706 3706 3706 3706 3706 3706 3706 3706 3706 3706 3706 3706 3706 3706 3706 3706 3706 3706 3706 3706 3706 3706 3706 3706 3706 3706 3706 3706 3706 3706 3706 3706 3706 3706 3706 3706 3706 3706 3706 3706 3706 3706 3706 3706 3706 3706 3706 3706 3706 3706 3706 3706 3706 3706 3706 3706 3706 3706 3706 3706 3706 3706 3706 3706 3706 3706 3706 3706 220 221 2510 17 884 467 337 3706 3706 3706 3706 3706 3706 3706 3706 3706 3706 3706 3706 3706 3706 3706 3706 3706 3706 3706 3706 3706 3706 3706 3706 3706 3706 3706 3706 3706 3706 3706 3706 3706 3706 3706 3706 3706 3706 3706 3706 3706 3706 3706 3706 3706 3706 3706 3706 3706 3706 3706 3706 3706 3706 3706 3706 3706 3706 3706 3706 3706 3706 3706 3706 3706 3706 3706 3706 3706 3706 3706 3706 3706 3706 3706 3706 3706 3706 3706 3706 220 221 2510 17 884 467 337
222 223 2551 222 223 2551 222 223 2551 222 223 2551 222 223 2551
224 2556 2556 2556 2556 2556 2556 2556 2556 224 2556 2556 2556 2556 2556 2556 2556 2556 224 2556 2556 2556 2556 2556 2556 2556 2556 224 2556 2556 2556 2556 2556 2556 2556 2556 224 2556
225 1014 1381 1382 91 1005 1383 1384 400 1131 225 1014 1381 1382 91 1005 1383 1384 400 1131 225 1014 1381 1382 91 1005 1383 1384 400 1131 225 1014 1381 1382 91 1005 1383 1384 400 1131 225 1014 1381 1382 91 1005 1383 1384 400 1131
226 944 1385 1386 1387 60 1386 1385 1386 1385 1386 1385 1386 1385 1386 1385 1386 1385 1386 1385 226 944 1385 1386 1387 60 1386 1385 1386 1385 1386 1385 1386 1385 1386 1385 1386 1385 1386 1385 226 944 1385 1386 1387 60 1386 1385 1386 1385 1386 1385 1386 1385 1386 1385 1386 1385 1386 1385 226 944 1385 1386 1387 60 1386 1385 1386 1385 1386 1385 1386 1385 1386 1385 1386 1385 1386 1385 226 944 1385 1386 1387 60
227 2557 227 2557 227 2557 227 2557 227 2557
228 228 228 228 228
229 139 229 139 229 139 229 139 229 139
230 1393 230 1393 230 1393 230 1393 230 1393
231 2295 1421 231 2295 1421 231 2295 1421 231 2295 1421 231 2295 1421
232 233 234 232 233 234 232 233 234 232 233 234 232 233 234
46 63 235 236 237 46 63 235 236 237 46 63 235 236 237 46 63 235 236 237 46 63 235 236 237
238 238 238 238 238
239 240 119 118 221 118 119 118 119 118 119 118 119 118 119 118 119 118 119 239 240 119 118 3706 221 3706 118 119 3706 118 119 3706 118 119 3706 118 119 3706 118 119 3706 118 119 3706 118 119 239 240 119 118 3706 221 3706 118 119 3706 118 119 3706 118 119 3706 118 119 3706 118 119 3706 118 119 3706 118 119 239 240 119 118 3706 221 3706 118 119 3706 118 119 3706 118 119 3706 118 119 3706 118 119 3706 118 119 3706 118 119 239 240 119 118 3706 221
241 242 2569 241 242 2569 241 242 2569 241 242 2569 241 242 2569
50 574 50 574 50 574 50 574 50 574
243 244 1327 387 243 244 1327 387 243 244 1327 387 243 244 1327 387 243 244 1327 387
85 245 246 59 57 85 245 246 59 57 85 245 246 59 57 85 245 246 59 57 85 245 246 59 57
247 247 247 247 247
248 747 614 1614 248 747 614 1614 248 747 614 1614 248 747 614 1614 248 747 614 1614
168 249 250 251 252 253 179 2573 2574 2575 1506 1826 2574 2573 2575 2574 2573 2575 2574 2573 2575 2574 2573 2575 2574 2573 2575 2574 2573 2575 2574 2573 2575 168 249 250 251 252 253 179 2573 2574 2575 1506 1826 2574 2573 2575 2574 2573 2575 2574 2573 2575 2574 2573 2575 2574 2573 2575 2574 2573 2575 2574 2573 2575 168 249 250 251 252 253 179 2573 2574 2575 1506 1826 2574 2573 2575 2574 2573 2575 2574 2573 2575 2574 2573 2575 2574 2573 2575 2574 2573 2575 2574 2573 2575 168 249 250 251 252 253 179 2573 2574 2575 1506 1826 2574 2573 2575 2574 2573 2575 2574 2573 2575 2574 2573 2575 2574 2573 2575 2574 2573 2575 2574 2573 2575 168 249 250 251 252 253 179 2573 2574 2575 1506 1826
254 709 1425 254 709 1425 254 709 1425 254 709 1425 254 709 1425
255 468 441 255 468 441 255 468 441 255 468 441 255 468 441
256 257 56 258 118 119 118 119 118 119 118 119 118 119 118 119 118 119 118 119 256 257 56 258 118 119 118 119 118 119 118 119 118 119 118 119 118 119 118 119 256 257 56 258 118 119 118 119 118 119 118 119 118 119 118 119 118 119 118 119 256 257 56 258 118 119 118 119 118 119 118 119 118 119 118 119 118 119 118 119 256 257 56 258 118 119
168 1434 168 1434 168 1434 168 1434 168 1434
259 1252 1437 1437 1437 1437 1437 1437 1437 1437 259 1252 1437 1437 1437 1437 1437 1437 1437 1437 259 1252 1437 1437 1437 1437 1437 1437 1437 1437 259 1252 1437 1437 1437 1437 1437 1437 1437 1437 259 1252 1437
260 1439 1439 1439 1439 1439 1439 1439 1439 260 1439 1439 1439 1439 1439 1439 1439 1439 260 1439 1439 1439 1439 1439 1439 1439 1439 260 1439 1439 1439 1439 1439 1439 1439 1439 260 1439
135 111 838 135 111 838 135 111 838 135 111 838 135 111 838
261 261 261 261 261
262 262 262 262 262
248 248 248 248 248
263 264 265 266 267 180 268 183 19 1319 80 2295 2546 297 1747 2590 2295 263 264 265 266 267 180 268 183 19 1319 80 2295 2546 297 1747 2590 2295 263 264 265 266 267 180 268 183 19 1319 80 2295 2546 297 1747 2590 2295 263 264 265 266 267 180 268 183 19 1319 80 2295 2546 297 1747 2590 2295 263 264 265 266 267 180 268 183 19 1319 80 2295 2546 297 1747 2590 2295
269 269 269 269 269
270 270 270 270 270 270 270 270 270 270 270 270 270 270 270 270 270 270 270 270 270 270 270 270 270 270 270 270 270 270 270 270 270
270 1503 270 270 270 270 270 270 270 270 1503 270 270 270 270 270 270 270 270 1503 270 270 270 270 270 270 270 270 1503 270 270 270 270 270 270 270 270 1503
271 50 80 272 22 1504 663 1505 127 272 272 272 272 272 272 272 271 50 80 272 22 1504 663 1505 127 272 272 272 272 272 272 272 271 50 80 272 22 1504 663 1505 127 272 272 272 272 272 272 272 271 50 80 272 22 1504 663 1505 127 272 272 272 272 272 272 272 271 50 80 272 22 1504 663 1505 127
155 273 274 155 273 274 155 273 274 155 273 274 155 273 274
275 190 276 277 1509 1510 275 190 276 277 1509 1510 275 190 276 277 1509 1510 275 190 276 277 1509 1510 275 190 276 277 1509 1510
211 210 278 179 1511 211 210 278 179 1511 211 210 278 179 1511 211 210 278 179 1511 211 210 278 179 1511
279 280 109 279 280 109 279 280 109 279 280 109 279 280 109
53 53 53 53 53
281 281 281 281 281
7 7 7 7 7
1 282 849 1 282 849 1 282 849 1 282 849 1 282 849
283 283 283 283 283
156 631 156 631 156 631 156 631 156 631
284 104 852 853 284 104 852 853 284 104 852 853 284 104 852 853 284 104 852 853
248 854 855 248 854 855 248 854 855 248 854 855 248 854 855
2 2 2 2 2
285 306 700 78 285 306 700 78 285 306 700 78 285 306 700 78 285 306 700 78
263 268 655 861 263 268 655 861 263 268 655 861 263 268 655 861 263 268 655 861
286 286 286 286 286
123 864 123 123 123 123 123 123 123 123 864 123 123 123 123 123 123 123 123 864 123 123 123 123 123 123 123 123 864 123 123 123 123 123 123 123 123 864
287 287 287 287 287
288 289 290 291 292 293 294 869 870 869 869 869 869 869 869 869 288 289 290 291 292 293 294 869 870 869 869 869 869 869 869 869 288 289 290 291 292 293 294 869 870 869 869 869 869 869 869 869 288 289 290 291 292 293 294 869 870 869 869 869 869 869 869 869 288 289 290 291 292 293 294 869 870
295 296 210 156 295 296 210 156 295 296 210 156 295 296 210 156 295 296 210 156
297 298 297 298 297 298 297 298 297 298
299 299 299 299 299
300 187 301 666 871 872 300 187 301 666 871 872 300 187 301 666 871 872 300 187 301 666 871 872 300 187 301 666 871 872
302 873 874 875 302 873 874 875 302 873 874 875 302 873 874 875 302 873 874 875
303 876 876 876 876 876 876 876 876 303 876 876 876 876 876 876 876 876 303 876 876 876 876 876 876 876 876 303 876 876 876 876 876 876 876 876 303 876
304 304 304 304 304
305 305 305 305 305
306 307 308 306 307 308 306 307 308 306 307 308 306 307 308
306 307 308 307 308 309 310 311 240 312 313 314 298 306 307 308 307 308 309 310 311 240 312 313 314 298 306 307 308 307 308 309 310 311 240 312 313 314 298 306 307 308 307 308 309 310 311 240 312 313 314 298 306 307 308 307 308 309 310 311 240 312 313 314 298
315 316 316 317 318 315 316 316 317 318 315 316 316 317 318 315 316 316 317 318 315 316 316 317 318
319 320 319 320 319 320 319 320 319 320
84 84 84 84 84
104 198 321 154 322 23 467 884 50 104 198 321 154 322 23 467 884 50 104 198 321 154 322 23 467 884 50 104 198 321 154 322 23 467 884 50 104 198 321 154 322 23 467 884 50
323 323 323 323 323
324 324 324 324 324
325 326 327 328 329 268 856 856 856 856 856 856 856 856 325 326 327 328 329 268 856 856 856 856 856 856 856 856 325 326 327 328 329 268 856 856 856 856 856 856 856 856 325 326 327 328 329 268 856 856 856 856 856 856 856 856 325 326 327 328 329 268 856
330 331 332 330 331 332 330 331 332 330 331 332 330 331 332
333 333 333 333 333
18 887 18 887 18 887 18 887 18 887
334 78 888 334 78 888 334 78 888 334 78 888 334 78 888
298 889 890 629 442 8 891 891 298 889 890 629 442 8 891 891 298 889 890 629 442 8 891 891 298 889 890 629 442 8 891 891 298 889 890 629 442 8 891 891
141 142 335 135 336 337 141 142 335 135 336 337 141 142 335 135 336 337 141 142 335 135 336 337 141 142 335 135 336 337
338 339 338 339 338 339 338 339 338 339
340 341 892 358 893 340 341 892 358 893 340 341 892 358 893 340 341 892 358 893 340 341 892 358 893
342 342 342 342 342
343 343 343 343 343
344 344 344 344 344
345 345 499 19 336 441 523 896 34 897 52 898 345 345 499 19 336 441 523 896 34 897 52 898 345 345 499 19 336 441 523 896 34 897 52 898 345 345 499 19 336 441 523 896 34 897 52 898 345 345 499 19 336 441 523 896 34 897 52 898
346 347 899 899 346 347 899 899 346 347 899 899 346 347 899 899 346 347 899 899
168 348 349 169 350 900 168 348 349 169 350 900 168 348 349 169 350 900 168 348 349 169 350 900 168 348 349 169 350 900
351 351 351 351 351
352 353 352 353 352 353 352 353 352 353
354 355 60 266 356 354 355 60 266 356 354 355 60 266 356 354 355 60 266 356 354 355 60 266 356
357 358 315 854 905 906 357 358 315 854 905 906 357 358 315 854 905 906 357 358 315 854 905 906 357 358 315 854 905 906
359 183 359 183 359 183 359 183 359 183
360 360 360 360 360
266 361 362 363 364 365 366 132 266 361 362 363 364 365 366 132 266 361 362 363 364 365 366 132 266 361 362 363 364 365 366 132 266 361 362 363 364 365 366 132
367 367 368 369 468 468 367 367 368 369 468 468 367 367 368 369 468 468 367 367 368 369 468 468 367 367 368 369 468 468
370 370 907 740 908 909 910 370 370 907 740 908 909 910 370 370 907 740 908 909 910 370 370 907 740 908 909 910 370 370 907 740 908 909 910
309 370 309 370 309 370 309 370 309 370
149 371 222 372 913 914 149 371 222 372 913 914 149 371 222 372 913 914 149 371 222 372 913 914 149 371 222 372 913 914
373 373 374 375 376 377 378 379 380 915 541 373 373 374 375 376 377 378 379 380 915 541 373 373 374 375 376 377 378 379 380 915 541 373 373 374 375 376 377 378 379 380 915 541 373 373 374 375 376 377 378 379 380 915 541
381 381 337 337 381 381 337 337 381 381 337 337 381 381 337 337 381 381 337 337
382 53 382 53 382 53 382 53 382 53
382 382 382 382 382
383 384 920 383 384 920 383 384 920 383 384 920 383 384 920
385 175 3706 385 175 3706 3706 3706 3706 3706 3706 3706 3706 385 175 3706 3706 3706 3706 3706 3706 3706 3706 385 175 3706 3706 3706 3706 3706 3706 3706 3706 385 175
386 886 1683 223 1683 386 886 1683 223 1683 386 886 1683 223 1683 386 886 1683 223 1683 386 886 1683 223 1683
337 1470 163 337 1470 163 337 1470 163 337 1470 163 337 1470 163
387 798 1142 1693 387 798 1142 1693 387 798 1142 1693 387 798 1142 1693 387 798 1142 1693
388 799 388 799 388 799 388 799 388 799
389 183 1525 389 389 389 389 389 389 389 389 183 1525 389 389 389 389 389 389 389 389 183 1525 389 389 389 389 389 389 389 389 183 1525 389 389 389 389 389 389 389 389 183 1525
139 1542 1543 417 1742 1743 139 1542 1543 417 1742 1743 139 1542 1543 417 1742 1743 139 1542 1543 417 1742 1743 139 1542 1543 417 1742 1743
139 139 139 139 139
259 259 259 259 259
390 391 732 539 809 810 811 390 391 732 539 809 810 811 390 391 732 539 809 810 811 390 391 732 539 809 810 811 390 391 732 539 809 810 811
76 812 1577 19 468 76 812 1577 19 468 76 812 1577 19 468 76 812 1577 19 468 76 812 1577 19 468
76 76 76 76 76
392 393 394 394 394 394 394 394 394 394 392 393 394 394 394 394 394 394 394 394 392 393 394 394 394 394 394 394 394 394 392 393 394 394 394 394 394 394 394 394 392 393 394
310 395 1676 614 310 395 1676 614 310 395 1676 614 310 395 1676 614 310 395 1676 614
396 1316 1779 396 396 396 396 396 396 396 396 1316 1779 396 396 396 396 396 396 396 396 1316 1779 396 396 396 396 396 396 396 396 1316 1779 396 396 396 396 396 396 396 396 1316 1779
266 266 266 266 266
397 398 397 398 397 398 397 398 397 398
76 818 819 666 459 76 818 819 666 459 76 818 819 666 459 76 818 819 666 459 76 818 819 666 459
399 399 399 399 399
194 824 825 826 64 827 42 109 194 824 825 826 64 827 42 109 194 824 825 826 64 827 42 109 194 824 825 826 64 827 42 109 194 824 825 826 64 827 42 109
194 1589 1589 1590 1801 1308 506 1802 194 1589 1589 1590 1801 1308 506 1802 194 1589 1589 1590 1801 1308 506 1802 194 1589 1589 1590 1801 1308 506 1802 194 1589 1589 1590 1801 1308 506 1802
194 194 194 194 194
400 401 402 403 404 405 406 1592 1592 400 401 402 403 404 405 406 1592 1592 400 401 402 403 404 405 406 1592 1592 400 401 402 403 404 405 406 1592 1592 400 401 402 403 404 405 406 1592 1592
123 837 123 123 123 123 123 123 123 123 837 123 123 123 123 123 123 123 123 837 123 123 123 123 123 123 123 123 837 123 123 123 123 123 123 123 123 837
407 943 407 943 407 943 407 943 407 943
99 408 99 408 99 408 99 408 99 408
409 248 1117 1117 1117 1117 1117 1117 1117 1117 409 248 1117 1117 1117 1117 1117 1117 1117 1117 409 248 1117 1117 1117 1117 1117 1117 1117 1117 409 248 1117 1117 1117 1117 1117 1117 1117 1117 409 248 1117
410 411 839 348 840 241 410 411 839 348 840 241 410 411 839 348 840 241 410 411 839 348 840 241 410 411 839 348 840 241
48 248 409 183 841 48 248 409 183 841 48 248 409 183 841 48 248 409 183 841 48 248 409 183 841
412 412 123 1608 1048 123 1608 123 1608 123 1608 123 1608 123 1608 123 1608 123 1608 412 412 123 1608 1048 123 1608 123 1608 123 1608 123 1608 123 1608 123 1608 123 1608 412 412 123 1608 1048 123 1608 123 1608 123 1608 123 1608 123 1608 123 1608 123 1608 412 412 123 1608 1048 123 1608 123 1608 123 1608 123 1608 123 1608 123 1608 123 1608 412 412 123 1608 1048
414 415 416 417 172 3150 2786 499 493 408 414 415 416 417 172 3150 2786 499 493 408 414 415 416 417 172 3150 2786 499 493 408 414 415 416 417 172 3150 2786 499 493 408 414 415 416 417 172 3150 2786 499 493 408
123 418 243 136 461 1765 123 123 123 123 123 123 123 123 418 243 136 461 1765 123 123 123 123 123 123 123 123 418 243 136 461 1765 123 123 123 123 123 123 123 123 418 243 136 461 1765 123 123 123 123 123 123 123 123 418 243 136 461 1765
46 3152 46 3152 46 3152 46 3152 46 3152
419 420 421 178 419 420 421 178 419 420 421 178 419 420 421 178 419 420 421 178
19 20 437 1711 1708 19 20 437 1711 1708 19 20 437 1711 1708 19 20 437 1711 1708 19 20 437 1711 1708
430 431 430 430 431 430 430 431 430 430 431 430 430 431 430
432 1038 432 1038 432 1038 432 1038 432 1038
433 434 435 183 433 434 435 183 433 434 435 183 433 434 435 183 433 434 435 183
436 2321 499 550 523 523 653 436 2321 499 550 523 523 653 436 2321 499 550 523 523 653 436 2321 499 550 523 523 653 436 2321 499 550 523 523 653
437 438 359 437 438 359 437 438 359 437 438 359 437 438 359
2 3050 3051 3052 2 3050 3051 3052 2 3050 3051 3052 2 3050 3051 3052 2 3050 3051 3052
174 439 1193 2722 1588 3166 1540 3167 174 439 1193 2722 1588 3166 1540 3167 174 439 1193 2722 1588 3166 1540 3167 174 439 1193 2722 1588 3166 1540 3167 174 439 1193 2722 1588 3166 1540 3167
440 46 441 442 440 46 441 442 440 46 441 442 440 46 441 442 440 46 441 442
443 444 437 443 444 437 443 444 437 443 444 437 443 444 437
445 446 2491 445 446 2491 445 446 2491 445 446 2491 445 446 2491
447 448 449 450 451 3055 3056 368 368 447 448 449 450 451 3055 3056 368 368 447 448 449 450 451 3055 3056 368 368 447 448 449 450 451 3055 3056 368 368 447 448 449 450 451 3055 3056 368 368
452 453 454 452 453 454 452 453 454 452 453 454 452 453 454
105 9 8 3058 3059 3060 3061 1472 936 2005 2871 486 1807 304 176 105 9 8 3058 3059 3060 3061 1472 936 2005 2871 486 1807 304 176 105 9 8 3058 3059 3060 3061 1472 936 2005 2871 486 1807 304 176 105 9 8 3058 3059 3060 3061 1472 936 2005 2871 486 1807 304 176 105 9 8 3058 3059 3060 3061 1472 936 2005 2871 486 1807 304 176
69 2973 2973 2973 2973 2973 2973 2973 2973 69 2973 2973 2973 2973 2973 2973 2973 2973 69 2973 2973 2973 2973 2973 2973 2973 2973 69 2973 2973 2973 2973 2973 2973 2973 2973 69 2973
455 456 455 456 455 456 455 456 455 456
418 327 325 418 327 325 418 327 325 418 327 325 418 327 325
457 457 457 457 457
458 458 458 458 458
57 459 3072 2221 883 57 459 3072 2221 883 57 459 3072 2221 883 57 459 3072 2221 883 57 459 3072 2221 883
78 78 78 78 78
325 463 464 465 466 326 19 183 156 50 467 329 468 136 325 463 464 465 466 326 19 183 156 50 467 329 468 136 325 463 464 465 466 326 19 183 156 50 467 329 468 136 325 463 464 465 466 326 19 183 156 50 467 329 468 136 325 463 464 465 466 326 19 183 156 50 467 329 468 136
469 469 469 469 469
105 470 471 471 472 473 474 475 476 105 470 471 471 472 473 474 475 476 105 470 471 471 472 473 474 475 476 105 470 471 471 472 473 474 475 476 105 470 471 471 472 473 474 475 476
477 477 477 477 477
455 479 455 479 455 479 455 479 455 479
480 1058 2295 763 1750 889 3025 890 2073 763 3025 763 3025 763 3025 763 3025 763 3025 763 3025 763 3025 480 1058 2295 763 1750 889 3025 890 2073 763 3025 763 3025 763 3025 763 3025 763 3025 763 3025 763 3025 480 1058 2295 763 1750 889 3025 890 2073 763 3025 763 3025 763 3025 763 3025 763 3025 763 3025 763 3025 480 1058 2295 763 1750 889 3025 890 2073 763 3025 763 3025 763 3025 763 3025 763 3025 763 3025 763 3025 480 1058 2295 763 1750 889 3025 890 2073
481 482 481 482 481 482 481 482 481 482
484 485 486 487 488 484 485 486 487 488 484 485 486 487 488 484 485 486 487 488 484 485 486 487 488
136 489 490 491 492 137 136 489 490 491 492 137 136 489 490 491 492 137 136 489 490 491 492 137 136 489 490 491 492 137
50 142 183 493 1416 50 142 183 493 1416 50 142 183 493 1416 50 142 183 493 1416 50 142 183 493 1416
494 495 337 496 1784 494 495 337 496 1784 494 495 337 496 1784 494 495 337 496 1784 494 495 337 496 1784
497 498 264 497 498 264 497 498 264 497 498 264 497 498 264
168 350 168 350 168 350 168 350 168 350
500 500 501 501 502 502 500 500 501 501 502 502 500 500 501 501 502 502 500 500 501 501 502 502 500 500 501 501 502 502
149 503 504 396 2849 396 2849 396 2849 396 2849 396 2849 396 2849 396 2849 396 2849 149 503 504 396 2849 396 2849 396 2849 396 2849 396 2849 396 2849 396 2849 396 2849 149 503 504 396 2849 396 2849 396 2849 396 2849 396 2849 396 2849 396 2849 396 2849 149 503 504 396 2849 396 2849 396 2849 396 2849 396 2849 396 2849 396 2849 396 2849 149 503 504 396 2849
505 123 123 123 123 123 123 123 123 505 123 123 123 123 123 123 123 123 505 123 123 123 123 123 123 123 123 505 123 123 123 123 123 123 123 123 505 123
506 506 506 506 506
507 508 509 155 510 174 510 510 510 510 510 510 510 507 508 509 155 510 174 510 510 510 510 510 510 510 507 508 509 155 510 174 510 510 510 510 510 510 510 507 508 509 155 510 174 510 510 510 510 510 510 510 507 508 509 155 510 174
240 310 310 123 123 123 123 123 123 123 123 240 310 310 123 123 123 123 123 123 123 123 240 310 310 123 123 123 123 123 123 123 123 240 310 310 123 123 123 123 123 123 123 123 240 310 310 123
140 140 140 140 140
512 513 513 3095 3096 512 513 513 3095 3096 512 513 513 3095 3096 512 513 513 3095 3096 512 513 513 3095 3096
378 1590 378 1590 378 1590 378 1590 378 1590
19 19 19 19 19
516 517 66 518 516 517 66 518 516 517 66 518 516 517 66 518 516 517 66 518
522 523 522 523 522 523 522 523 522 523
524 525 524 525 524 525 524 525 524 525
187 187 187 187 187
468 461 468 461 468 461 468 461 468 461
123 526 183 123 123 123 123 123 123 123 123 526 183 123 123 123 123 123 123 123 123 526 183 123 123 123 123 123 123 123 123 526 183 123 123 123 123 123 123 123 123 526 183
527 549 527 549 527 549 527 549 527 549
528 528 528 528 528
281 529 529 1719 281 529 529 1719 281 529 529 1719 281 529 529 1719 281 529 529 1719
295 530 531 532 533 2197 3697 3697 2197 3697 2197 3697 2197 3697 2197 3697 2197 3697 2197 3697 2197 295 530 531 532 533 2197 3697 3697 2197 3697 2197 3697 2197 3697 2197 3697 2197 3697 2197 3697 2197 295 530 531 532 533 2197 3697 3697 2197 3697 2197 3697 2197 3697 2197 3697 2197 3697 2197 3697 2197 295 530 531 532 533 2197 3697 3697 2197 3697 2197 3697 2197 3697 2197 3697 2197 3697 2197 3697 2197 295 530 531 532 533 2197 3697
534 535 1034 534 535 1034 534 535 1034 534 535 1034 534 535 1034
536 537 538 538 539 540 541 536 536 885 1374 536 537 538 538 539 540 541 536 536 885 1374 536 537 538 538 539 540 541 536 536 885 1374 536 537 538 538 539 540 541 536 536 885 1374 536 537 538 538 539 540 541 536 536 885 1374
542 542 542 542 542
543 372 543 372 543 372 543 372 543 372
544 1781 544 1781 544 1781 544 1781 544 1781
545 545 545 545 545
546 546 546 546 546
547 547 547 547 547
548 63 548 63 548 63 548 63 548 63
329 465 463 464 327 466 328 326 325 142 549 122 550 551 552 553 554 329 465 463 464 327 466 328 326 325 142 549 122 550 551 552 553 554 329 465 463 464 327 466 328 326 325 142 549 122 550 551 552 553 554 329 465 463 464 327 466 328 326 325 142 549 122 550 551 552 553 554 329 465 463 464 327 466 328 326 325 142 549 122 550 551 552 553 554
555 556 557 558 559 560 561 562 555 556 557 558 559 560 561 562 555 556 557 558 559 560 561 562 555 556 557 558 559 560 561 562 555 556 557 558 559 560 561 562
143 143 143 143 143
563 564 563 564 563 564 563 564 563 564
563 564 565 566 563 564 565 566 563 564 565 566 563 564 565 566 563 564 565 566
182 567 567 567 182 567 567 567 182 567 567 567 182 567 567 567 182 567 567 567
568 568 568 568 568
569 569 569 569 569
570 570 570 570 570
143 571 143 571 143 571 143 571 143 571
179 179 179 179 179 179 179 179 179 179
179 179 179 179 179 179 179 179 179 179
572 573 572 573 572 573 572 573 572 573
574 574 574 574 574
575 94 575 94 575 94 575 94 575 94
576 320 32 576 320 32 576 320 32 576 320 32 576 320 32
262 577 577 578 579 580 580 262 577 577 578 579 580 580 262 577 577 578 579 580 580 262 577 577 578 579 580 580 262 577 577 578 579 580 580
581 408 581 408 581 408 581 408 581 408
119 118 118 119 118 119 118 119 118 119 118 119 118 119 118 119 119 118 118 119 118 119 118 119 118 119 118 119 118 119 118 119 119 118 118 119 118 119 118 119 118 119 118 119 118 119 118 119 119 118 118 119 118 119 118 119 118 119 118 119 118 119 118 119 119 118
582 583 582 583 582 583 582 583 582 583
109 584 109 584 109 584 109 584 109 584
585 586 587 448 585 586 587 448 585 586 587 448 585 586 587 448 585 586 587 448
298 298 298 298 298
588 588 588 588 588
589 589 589 589 589
191 590 191 590 191 590 191 590 191 590
87 87 87 87 87
591 591 591 591 591 591 591 591 591 591 591 591 591 591 591 591 591 591 591 591 591 591 591 591 591 591 591 591 591 591 591 591 591
592 592 592 592 592
593 594 595 596 593 594 595 596 593 594 595 596 593 594 595 596 593 594 595 596
139 139 139 139 139
597 598 599 597 597 597 597 597 597 597 597 598 599 597 597 597 597 597 597 597 597 598 599 597 597 597 597 597 597 597 597 598 599 597 597 597 597 597 597 597 597 598 599
600 601 600 601 600 601 600 601 600 601
602 447 32 602 447 32 602 447 32 602 447 32 602 447 32
603 603 603 603 603
604 490 604 490 604 490 604 490 604 490
605 606 605 606 605 606 605 606 605 606
607 607 607 607 607
608 608 608 608 608 608 608 608 608 608 608 608 608 608 608 608 608 608 608 608 608 608 608 608 608 608 608 608 608 608 608 608 608
162 609 610 611 162 609 610 611 162 609 610 611 162 609 610 611 162 609 610 611
612 612 612 612 612
613 613 613 613 613
614 615 616 614 615 616 614 615 616 614 615 616 614 615 616
617 618 20 617 618 20 617 618 20 617 618 20 617 618 20
619 619 619 619 619
620 621 620 621 620 621 620 621 620 621
620 622 620 622 620 622 620 622 620 622
623 623 623 623 623
624 625 626 624 625 626 624 625 626 624 625 626 624 625 626
627 627 627 627 627
628 629 628 629 628 629 628 629 628 629
630 630 630 630 630
178 178 178 178 178
631 631 631 631 631
393 393 393 393 393
632 632 632 632 632
301 633 634 301 633 634 301 633 634 301 633 634 301 633 634
635 82 636 637 91 635 82 636 637 91 635 82 636 637 91 635 82 636 637 91 635 82 636 637 91
638 638 639 640 638 638 639 640 638 638 639 640 638 638 639 640 638 638 639 640
50 183 22 50 183 22 50 183 22 50 183 22 50 183 22
641 641 641 641 641
642 643 644 642 643 644 642 643 644 642 643 644 642 643 644
645 646 645 646 645 646 645 646 645 646
647 648 647 648 647 648 647 648 647 648
325 328 327 329 143 325 328 327 329 143 325 328 327 329 143 325 328 327 329 143 325 328 327 329 143
156 46 337 156 46 337 156 46 337 156 46 337 156 46 337
649 649 649 649 649
650 650 650 650 650
651 651 651 651 651 651 651 651 651 651 651 651 651 651 651 651 651 651 651 651 651 651 651 651 651 651 651 651 651 651 651 651 651
76 76 76 76 76
652 652 652 652 652
301 653 301 653 301 653 301 653 301 653
25 654 655 656 656 656 656 656 656 656 656 25 654 655 656 656 656 656 656 656 656 656 25 654 655 656 656 656 656 656 656 656 656 25 654 655 656 656 656 656 656 656 656 656 25 654 655 656
636 560 498 657 636 560 498 657 636 560 498 657 636 560 498 657 636 560 498 657
55 55 55 55 55
658 659 659 437 658 659 659 437 658 659 659 437 658 659 659 437 658 659 659 437
660 660 660 660 660 660 660 660 660 660
661 662 663 64 661 662 663 64 661 662 663 64 661 662 663 64 661 662 663 64
664 664 664 664 664
482 482 482 482 482
50 499 50 499 50 499 50 499 50 499
665 104 666 365 365 665 104 666 365 365 665 104 666 365 365 665 104 666 365 365 665 104 666 365 365
191 667 668 191 667 668 191 667 668 191 667 668 191 667 668
669 669 669 669 669 669 669 669 669 669 669 669 669 669 669 669 669 669 669 669 669 669 669 669 669 669 669 669 669 669 669 669 669
129 670 129 670 129 670 129 670 129 670
671 671 671 671 671
616 615 616 615 616 615 616 615 616 615
672 673 672 673 672 673 672 673 672 673
674 675 674 675 674 675 674 675 674 675
266 385 266 385 266 385 266 385 266 385
676 676 676 676 676
677 678 677 678 677 678 677 678 677 678
679 680 679 680 679 680 679 680 679 680
142 187 142 187 142 187 142 187 142 187
681 682 681 682 681 682 681 682 681 682
683 330 132 684 685 683 330 132 684 685 683 330 132 684 685 683 330 132 684 685 683 330 132 684 685
686 607 686 607 686 607 686 607 686 607
687 688 689 687 688 689 687 688 689 687 688 689 687 688 689
560 560 560 560 560
690 390 205 690 390 205 690 390 205 690 390 205 690 390 205
198 104 691 692 693 104 694 695 696 365 696 697 698 665 699 198 104 691 692 693 104 694 695 696 365 696 697 698 665 699 198 104 691 692 693 104 694 695 696 365 696 697 698 665 699 198 104 691 692 693 104 694 695 696 365 696 697 698 665 699 198 104 691 692 693 104 694 695 696 365 696 697 698 665 699
550 183 191 550 183 191 550 183 191 550 183 191 550 183 191
480 480 480 480 480
700 187 701 700 187 701 700 187 701 700 187 701 700 187 701
702 702 702 702 702 702 702 702 702 702 702 702 702 702 702 702 702 702 702 702 702 702 702 702 702 702 702 702 702 702 702 702 702
529 529 529 529 529
703 169 704 705 2245 703 169 704 705 2245 703 169 704 705 2245 703 169 704 705 2245 703 169 704 705 2245
706 706 706 706 706
104 693 503 266 707 56 104 693 503 266 707 56 104 693 503 266 707 56 104 693 503 266 707 56 104 693 503 266 707 56
708 708 708 708 708
709 709 709 709 709
156 156 156 156 156
541 710 198 711 260 100 541 710 198 711 260 100 541 710 198 711 260 100 541 710 198 711 260 100 541 710 198 711 260 100
712 3117 1995 221 3117 3117 3117 3117 3117 3117 3117 712 3706 3117 1995 221 3706 3117 3706 3117 3706 3117 3706 3117 3706 3117 3706 3117 3706 3117 712 3706 3117 1995 221 3706 3117 3706 3117 3706 3117 3706 3117 3706 3117 3706 3117 3706 3117 712 3706 3117 1995 221 3706 3117 3706 3117 3706 3117 3706 3117 3706 3117 3706 3117 3706 3117 712 3706 3117 1995 221
713 237 498 714 681 713 237 498 714 681 713 237 498 714 681 713 237 498 714 681 713 237 498 714 681
715 715 715 715 715
716 716 716 716 716
717 718 1117 1117 1117 1117 1117 1117 1117 1117 717 718 1117 1117 1117 1117 1117 1117 1117 1117 717 718 1117 1117 1117 1117 1117 1117 1117 1117 717 718 1117 1117 1117 1117 1117 1117 1117 1117 717 718 1117
139 139 139 139 139
719 3123 447 631 263 3123 3123 3123 3123 3123 3123 3123 719 3123 447 631 263 3123 3123 3123 3123 3123 3123 3123 719 3123 447 631 263 3123 3123 3123 3123 3123 3123 3123 719 3123 447 631 263 3123 3123 3123 3123 3123 3123 3123 719 3123 447 631 263
301 461 468 301 461 468 301 461 468 301 461 468 301 461 468
720 721 721 720 721 720 721 720 721 720 721 720 721 720 721 720 720 721 721 720 721 720 721 720 721 720 721 720 721 720 721 720 720 721 721 720 721 720 721 720 721 720 721 720 721 720 721 720 720 721 721 720 721 720 721 720 721 720 721 720 721 720 721 720 720 721
268 722 263 268 722 263 268 722 263 268 722 263 268 722 263
723 723 723 723 723
428 428 428 428 428
724 724 724 724 724
725 725 725 725 725
726 727 303 427 526 726 885 726 727 303 427 526 726 885 726 727 303 427 526 726 885 726 727 303 427 526 726 885 726 727 303 427 526 726 885
728 46 728 46 728 46 728 46 728 46
729 1584 729 1584 729 1584 729 1584 729 1584
455 3128 455 3128 455 3128 455 3128 455 3128
263 263 263 263 263
730 730 730 730 730
268 268 268 268 268
200 609 200 609 200 609 200 609 200 609
474 731 474 731 474 731 474 731 474 731
732 733 732 733 732 733 732 733 732 733
734 735 734 735 734 735 734 735 734 735
736 737 738 707 56 473 739 267 736 737 738 707 56 473 739 267 736 737 738 707 56 473 739 267 736 737 738 707 56 473 739 267 736 737 738 707 56 473 739 267
364 364 364 364 364
740 497 741 50 388 740 497 741 50 388 740 497 741 50 388 740 497 741 50 388 740 497 741 50 388
603 603 603 603 603
742 743 744 136 742 743 744 136 742 743 744 136 742 743 744 136 742 743 744 136
141 1105 2351 141 1105 2351 141 1105 2351 141 1105 2351 141 1105 2351
745 741 137 281 330 745 741 137 281 330 745 741 137 281 330 745 741 137 281 330 745 741 137 281 330
569 588 569 588 569 588 569 588 569 588
746 336 746 746 746 746 746 746 746 746 336 746 746 746 746 746 746 746 746 336 746 746 746 746 746 746 746 746 336 746 746 746 746 746 746 746 746 336
669 600 339 747 748 669 669 669 669 669 669 669 669 600 339 747 748 669 669 669 669 669 669 669 669 600 339 747 748 669 669 669 669 669 669 669 669 600 339 747 748 669 669 669 669 669 669 669 669 600 339 747 748
569 569 569 569 569
187 187 187 187 187
749 3171 749 3171 749 3171 749 3171 749 3171
750 750 750 750 750
751 566 667 752 753 751 566 667 752 753 751 566 667 752 753 751 566 667 752 753 751 566 667 752 753
754 755 63 2491 754 755 63 2491 754 755 63 2491 754 755 63 2491 754 755 63 2491
756 756 1516 2606 756 756 1516 2606 756 756 1516 2606 756 756 1516 2606 756 756 1516 2606
385 757 758 385 757 758 385 757 758 385 757 758 385 757 758
189 688 189 688 189 688 189 688 189 688
759 759 759 759 759
760 760 760 760 760
14 14 14 14 14 14 14 14 14 14 14 14 14 14 14 14 14 14 14 14 14 14 14 14 14 14 14 14 14 14 14 14 14
761 460 1075 523 1167 2462 3177 761 460 1075 523 1167 2462 3177 761 460 1075 523 1167 2462 3177 761 460 1075 523 1167 2462 3177 761 460 1075 523 1167 2462 3177
762 763 763 764 762 763 763 764 762 763 763 764 762 763 763 764 762 763 763 764 762 763 763 764 762 763 763 764 762 763 763 764 762 763 763 764 762 763 763 764 762 763 763 764 762 763 763 764 762 763 763 764 762 763 763 764 762 763 763 764 762 763 763 764 762 763 763 764 762 763 763 764 762 763 763 764 762 763 763 764 762 763 763 764 762 763 763 764 762 763 763 764 762 763 763 764 762 763 763 764 762 763 763 764 762 763 763 764 762 763 763 764 762 763 763 764 762 763 763 764 762 763 763 764 762 763 763 764 762 763 763 764
303 122 303 122 303 122 303 122 303 122
100 100 180 364 536 178 100 100 180 364 536 178 100 100 180 364 536 178 100 100 180 364 536 178 100 100 180 364 536 178
510 765 765 510 765 510 765 510 765 510 765 510 765 510 765 510 510 765 765 510 765 510 765 510 765 510 765 510 765 510 765 510 510 765 765 510 765 510 765 510 765 510 765 510 765 510 765 510 510 765 765 510 765 510 765 510 765 510 765 510 765 510 765 510 510 765
249 123 123 123 123 123 123 123 123 249 123 123 123 123 123 123 123 123 249 123 123 123 123 123 123 123 123 249 123 123 123 123 123 123 123 123 249 123
766 766 766 766 766
767 548 767 548 767 548 767 548 767 548
263 382 1170 2942 2942 2942 2942 2942 2942 2942 2942 263 382 1170 2942 2942 2942 2942 2942 2942 2942 2942 263 382 1170 2942 2942 2942 2942 2942 2942 2942 2942 263 382 1170 2942 2942 2942 2942 2942 2942 2942 2942 263 382 1170 2942
531 531 531 531 531
263 263 263 263 263
76 76 76 76 76
768 768 768 768 768
769 770 368 771 769 770 368 771 769 770 368 771 769 770 368 771 769 770 368 771
772 135 63 559 510 510 510 510 510 510 510 510 772 135 63 559 510 510 510 510 510 510 510 510 772 135 63 559 510 510 510 510 510 510 510 510 772 135 63 559 510 510 510 510 510 510 510 510 772 135 63 559 510
773 580 774 774 775 776 130 777 778 773 580 774 774 775 776 130 777 778 773 580 774 774 775 776 130 777 778 773 580 774 774 775 776 130 777 778 773 580 774 774 775 776 130 777 778
779 780 781 781 782 782 773 580 773 580 775 774 774 777 130 776 778 172 779 780 781 781 782 782 773 580 773 580 775 774 774 777 130 776 778 172 779 780 781 781 782 782 773 580 773 580 775 774 774 777 130 776 778 172 779 780 781 781 782 782 773 580 773 580 775 774 774 777 130 776 778 172 779 780 781 781 782 782 773 580 773 580 775 774 774 777 130 776 778 172
783 599 783 783 783 783 783 783 783 783 599 783 783 783 783 783 783 783 783 599 783 783 783 783 783 783 783 783 599 783 783 783 783 783 783 783 783 599
784 784 784 784 784
7 7 7 7 7
785 785 785 785 785 785 785 785 785 785
786 448 154 447 786 448 154 447 786 448 154 447 786 448 154 447 786 448 154 447
787 788 789 787 788 789 787 788 789 787 788 789 787 788 789
413 413 413 413 413
531 531 531 531 531
282 282 282 282 282
268 630 268 630 268 630 268 630 268 630
790 791 528 3049 790 791 528 3049 790 791 528 3049 790 791 528 3049 790 791 528 3049
528 528 528 528 528
792 793 84 794 795 792 793 84 794 795 792 793 84 794 795 792 793 84 794 795 792 793 84 794 795
796 614 303 1465 123 123 123 123 123 123 123 123 3706 796 614 303 1465 123 3706 123 3706 123 3706 123 3706 123 3706 123 3706 123 3706 123 3706 796 614 303 1465 123 3706 123 3706 123 3706 123 3706 123 3706 123 3706 123 3706 123 3706 796 614 303 1465 123 3706 123 3706 123 3706 123 3706 123 3706 123 3706 123 3706 123 3706 796 614 303 1465 123
608 608 608 608 608 608 608 608 608 608 608 608 608 608 608 608 608 608 608 608 608 608 608 608 608 608 608 608 608 608 608 608 608
162 162 162 162 162
669 669 669 669 669 669 669 669 669 669 669 669 669 669 669 669 669 669 669 669 669 669 669 669 669 669 669 669 669 669 669 669 669
797 94 797 94 797 94 797 94 797 94
800 801 802 803 804 804 95 1528 931 800 801 802 803 804 804 95 1528 931 800 801 802 803 804 804 95 1528 931 800 801 802 803 804 804 95 1528 931 800 801 802 803 804 804 95 1528 931
19 248 191 281 805 57 85 1205 19 248 191 281 805 57 85 1205 19 248 191 281 805 57 85 1205 19 248 191 281 805 57 85 1205 19 248 191 281 805 57 85 1205
669 806 669 669 669 669 669 669 669 669 806 669 669 669 669 669 669 669 669 806 669 669 669 669 669 669 669 669 806 669 669 669 669 669 669 669 669 806
156 156 156 156 156
807 1558 1559 1560 515 807 1558 1559 1560 515 807 1558 1559 1560 515 807 1558 1559 1560 515 807 1558 1559 1560 515
808 896 87 1115 1768 1150 1769 1770 1316 845 808 896 87 1115 1768 1150 1769 1770 1316 845 808 896 87 1115 1768 1150 1769 1770 1316 845 808 896 87 1115 1768 1150 1769 1770 1316 845 808 896 87 1115 1768 1150 1769 1770 1316 845
76 53 76 53 3706 3706 3706 3706 3706 3706 3706 3706 76 53 3706 3706 3706 3706 3706 3706 3706 3706 76 53 3706 3706 3706 3706 3706 3706 3706 3706 76 53 3706
813 30 551 813 30 551 813 30 551 813 30 551 813 30 551
814 1580 814 1580 814 1580 814 1580 814 1580
815 816 1581 129 815 816 1581 129 815 816 1581 129 815 816 1581 129 815 816 1581 129
817 1582 354 1788 1789 817 1582 354 1788 1789 817 1582 354 1788 1789 817 1582 354 1788 1789 817 1582 354 1788 1789
278 278 278 278 278
382 48 1790 1791 1792 1793 4 1562 529 1268 1794 1795 1796 382 48 1790 1791 1792 1793 4 1562 529 1268 1794 1795 1796 382 48 1790 1791 1792 1793 4 1562 529 1268 1794 1795 1796 382 48 1790 1791 1792 1793 4 1562 529 1268 1794 1795 1796 382 48 1790 1791 1792 1793 4 1562 529 1268 1794 1795 1796
637 820 821 58 666 822 741 1584 6 571 1798 637 820 821 58 666 822 741 1584 6 571 1798 637 820 821 58 666 822 741 1584 6 571 1798 637 820 821 58 666 822 741 1584 6 571 1798 637 820 821 58 666 822 741 1584 6 571 1798
823 469 1585 1586 1586 1586 1586 1586 1586 1586 1586 823 469 1585 1586 1586 1586 1586 1586 1586 1586 1586 823 469 1585 1586 1586 1586 1586 1586 1586 1586 1586 823 469 1585 1586 1586 1586 1586 1586 1586 1586 1586 823 469 1585 1586
828 829 828 373 830 830 831 832 833 670 828 829 828 373 830 830 831 832 833 670 828 829 828 373 830 830 831 832 833 670 828 829 828 373 830 830 831 832 833 670 828 829 828 373 830 830 831 832 833 670
834 835 1593 156 1594 834 835 1593 156 1594 834 835 1593 156 1594 834 835 1593 156 1594 834 835 1593 156 1594
836 221 469 823 38 836 221 469 823 38 836 221 469 823 38 836 221 469 823 38 836 221 469 823 38
296 1796 1795 1792 1434 362 459 296 1796 1795 1792 1434 362 459 296 1796 1795 1792 1434 362 459 296 1796 1795 1792 1434 362 459 296 1796 1795 1792 1434 362 459
468 1815 1815 1816 1816 369 741 266 1173 468 1815 1815 1816 1816 369 741 266 1173 468 1815 1815 1816 1816 369 741 266 1173 468 1815 1815 1816 1816 369 741 266 1173 468 1815 1815 1816 1816 369 741 266 1173
838 838 838 838 838
467 1602 467 1602 467 1602 467 1602 467 1602
813 159 608 1605 608 608 608 608 608 608 608 813 159 608 3706 1605 3706 608 3706 608 3706 608 3706 608 3706 608 3706 608 3706 608 813 159 608 3706 1605 3706 608 3706 608 3706 608 3706 608 3706 608 3706 608 3706 608 813 159 608 3706 1605 3706 608 3706 608 3706 608 3706 608 3706 608 3706 608 3706 608 813 159 608 3706 1605
19 842 843 48 156 844 19 842 843 48 156 844 19 842 843 48 156 844 19 842 843 48 156 844 19 842 843 48 156 844
845 845 845 845 845
92 92 92 92 92
331 846 847 579 331 846 847 579 331 846 847 579 331 846 847 579 331 846 847 579
453 453 453 453 453
123 848 123 123 123 123 123 123 123 123 848 123 123 123 123 123 123 123 123 848 123 123 123 123 123 123 123 123 848 123 123 123 123 123 123 123 123 848
409 409 409 409 409
850 850 850 850 850
851 550 805 190 851 550 805 190 851 550 805 190 851 550 805 190 851 550 805 190
119 118 118 119 118 119 118 119 118 119 118 119 118 119 118 119 119 118 118 119 118 119 118 119 118 119 118 119 118 119 118 119 119 118 118 119 118 119 118 119 118 119 118 119 118 119 118 119 119 118 118 119 118 119 118 119 118 119 118 119 118 119 118 119 119 118
856 856 856 856 856 856 856 856 856 856 856 856 856 856 856 856 856 856 856 856 856 856 856 856 856 856 856 856 856 856 856 856 856
857 776 777 857 776 777 857 776 777 857 776 777 857 776 777
858 859 860 858 859 860 858 859 860 858 859 860 858 859 860
160 862 160 862 160 862 160 862 160 862
863 863 863 863 863
602 321 154 602 321 154 602 321 154 602 321 154 602 321 154
865 865 865 865 865
866 867 500 500 866 867 500 500 866 867 500 500 866 867 500 500 866 867 500 500
800 868 738 203 497 365 800 868 738 203 497 365 800 868 738 203 497 365 800 868 738 203 497 365 800 868 738 203 497 365
877 28 455 877 28 455 877 28 455 877 28 455 877 28 455
856 878 752 856 878 856 878 856 878 856 878 856 878 856 878 856 878 856 878 752 856 878 856 878 856 878 856 878 856 878 856 878 856 878 856 878 752 856 878 856 878 856 878 856 878 856 878 856 878 856 878 856 878 752 856 878 856 878 856 878 856 878 856 878 856 878 856 878 856 878 752
64 879 880 881 64 879 880 881 64 879 880 881 64 879 880 881 64 879 880 881
882 882 882 882 882
883 883 883 883 883
885 886 139 303 885 886 139 303 885 886 139 303 885 886 139 303 885 886 139 303
78 78 78 78 78
894 894 894 894 894
35 35 35 35 35
895 895 895 895 895
337 268 222 263 901 337 268 222 263 901 337 268 222 263 901 337 268 222 263 901 337 268 222 263 901
902 903 462 904 904 904 904 904 904 904 904 902 903 462 904 904 904 904 904 904 904 904 902 903 462 904 904 904 904 904 904 904 904 902 903 462 904 904 904 904 904 904 904 904 902 903 462 904
139 886 139 886 139 886 139 886 139 886
911 912 911 912 911 912 911 912 911 912
916 327 327 327 916 327 327 327 916 327 327 327 916 327 327 327 916 327 327 327
917 918 221 919 714 917 918 221 919 714 917 918 221 919 714 917 918 221 919 714 917 918 221 919 714
158 159 158 158 159 158 158 159 158 158 159 158 158 159 158
595 921 595 921 595 921 595 921 595 921
607 607 607 607 607
922 922 922 922 922
923 923 923 923 923
924 924 924 924 924 924 924 924 924 924 924 924 924 924 924 924 924 924 924 924 924 924 924 924 924 924 924 924 924 924 924 924 924
924 924 924 924 924 924 924 924 924 924 924 924 924 924 924 924 924 924 924 924 924 924 924 924 924 924 924 924 924 924 924 924 924
97 263 97 263 97 263 97 263 97 263
381 381 381 381 381
925 926 927 928 928 928 928 928 928 928 928 925 926 927 928 928 928 928 928 928 928 928 925 926 927 928 928 928 928 928 928 928 928 925 926 927 928 928 928 928 928 928 928 928 925 926 927 928
500 500 500 500 500
19 929 930 447 518 931 19 929 930 447 518 931 19 929 930 447 518 931 19 929 930 447 518 931 19 929 930 447 518 931
932 932 932 932 932
933 933 933 933 933 933 933 933 933 933 933 933 933 933 933 933 933 933 933 933 933 933 933 933 933 933 933 933 933 933 933 933 933
263 263 263 263 263
149 149 149 149 149
667 934 667 934 667 934 667 934 667 934
855 365 855 365 855 365 855 365 855 365
936 3153 936 3153 936 3153 936 3153 936 3153
937 938 937 938 937 938 937 938 937 938
32 232 521 143 111 32 232 521 143 111 32 232 521 143 111 32 232 521 143 111 32 232 521 143 111
183 82 183 82 183 82 183 82 183 82
947 948 949 950 168 683 703 551 951 947 948 949 950 168 683 703 551 951 947 948 949 950 168 683 703 551 951 947 948 949 950 168 683 703 551 951 947 948 949 950 168 683 703 551 951
952 952 952 952 952
953 3176 953 3176 953 3176 953 3176 953 3176
963 964 965 963 964 965 963 964 965 963 964 965 963 964 965
966 802 1837 161 966 802 1837 161 966 802 1837 161 966 802 1837 161 966 802 1837 161
19 184 156 967 968 653 468 618 969 19 184 156 967 968 653 468 618 969 19 184 156 967 968 653 468 618 969 19 184 156 967 968 653 468 618 969 19 184 156 967 968 653 468 618 969
970 971 949 23 24 467 972 973 974 136 523 137 653 975 480 973 973 973 973 973 973 973 970 971 949 23 24 467 972 973 974 136 523 137 653 975 480 973 973 973 973 973 973 973 970 971 949 23 24 467 972 973 974 136 523 137 653 975 480 973 973 973 973 973 973 973 970 971 949 23 24 467 972 973 974 136 523 137 653 975 480 973 973 973 973 973 973 973 970 971 949 23 24 467 972 973 974 136 523 137 653 975 480
976 976 976 976 976
977 978 936 1268 1981 977 978 936 1268 1981 977 978 936 1268 1981 977 978 936 1268 1981 977 978 936 1268 1981
50 57 980 981 50 57 980 981 50 57 980 981 50 57 980 981 50 57 980 981
972 972 972 972 972
982 1987 1986 1046 197 982 1987 1986 1046 197 982 1987 1986 1046 197 982 1987 1986 1046 197 982 1987 1986 1046 197
22 22 22 22 22
983 946 446 983 946 446 983 946 446 983 946 446 983 946 446
156 465 466 463 984 985 986 156 465 466 463 984 985 986 156 465 466 463 984 985 986 156 465 466 463 984 985 986 156 465 466 463 984 985 986
987 988 989 990 1990 1954 1955 1033 92 453 987 988 989 990 1990 1954 1955 1033 92 453 987 988 989 990 1990 1954 1955 1033 92 453 987 988 989 990 1990 1954 1955 1033 92 453 987 988 989 990 1990 1954 1955 1033 92 453
991 991 991 991 991
681 798 681 798 681 798 681 798 681 798
355 992 993 355 992 993 355 992 993 355 992 993 355 992 993
994 994 994 994 994 994 994 994 994 994 994 994 994 994 994 994 994 994 994 994 994 994 994 994 994 994 994 994 994 994 994 994 994
995 995 995 995 995
995 302 996 997 998 999 731 995 302 996 997 998 999 731 995 302 996 997 998 999 731 995 302 996 997 998 999 731 995 302 996 997 998 999 731
1000 361 911 697 1001 736 110 1000 361 911 697 1001 736 110 1000 361 911 697 1001 736 110 1000 361 911 697 1001 736 110 1000 361 911 697 1001 736 110
93 533 1002 93 533 1002 93 533 1002 93 533 1002 93 533 1002
1003 1004 1003 1004 1003 1004 1003 1004 1003 1004
268 268 268 268 268
91 91 1005 437 1006 1006 471 1007 1008 613 172 172 172 538 538 1009 1010 1011 91 91 1005 437 1006 1006 471 1007 1008 613 172 172 172 538 538 1009 1010 1011 91 91 1005 437 1006 1006 471 1007 1008 613 172 172 172 538 538 1009 1010 1011 91 91 1005 437 1006 1006 471 1007 1008 613 172 172 172 538 538 1009 1010 1011 91 91 1005 437 1006 1006 471 1007 1008 613 172 172 172 538 538 1009 1010 1011
706 706 706 706 706
1012 1012 1012 1012 1012
1013 94 669 571 1014 1015 500 500 610 1016 669 1016 669 1016 669 1016 669 1016 669 1016 669 1016 669 1016 1013 94 669 571 1014 1015 500 500 610 1016 669 1016 669 1016 669 1016 669 1016 669 1016 669 1016 669 1016 1013 94 669 571 1014 1015 500 500 610 1016 669 1016 669 1016 669 1016 669 1016 669 1016 669 1016 669 1016 1013 94 669 571 1014 1015 500 500 610 1016 669 1016 669 1016 669 1016 669 1016 669 1016 669 1016 669 1016 1013 94 669 571 1014 1015 500 500 610 1016
1017 1018 1019 336 1019 1018 1019 1018 1019 1018 1019 1018 1019 1018 1019 1018 1019 1018 1017 1018 1019 336 1019 1018 1019 1018 1019 1018 1019 1018 1019 1018 1019 1018 1019 1018 1017 1018 1019 336 1019 1018 1019 1018 1019 1018 1019 1018 1019 1018 1019 1018 1019 1018 1017 1018 1019 336 1019 1018 1019 1018 1019 1018 1019 1018 1019 1018 1019 1018 1019 1018 1017 1018 1019 336
1020 1021 1020 1021 1020 1021 1020 1021 1020 1021 1020 1021 1020 1021 1020 1021 1020 1021 1020 1021 1020 1021 1020 1021 1020 1021 1020 1021 1020 1021 1020 1021 1020 1021 1020 1021 1020 1021 1020 1021 1020 1021 1020 1021 1020 1021 1020 1021 1020 1021 1020 1021 1020 1021 1020 1021 1020 1021 1020 1021 1020 1021 1020 1021 1020 1021
1022 1022 1022 1022 1022
713 713 713 713 713
1022 1022 1022 1022 1022
1007 1008 1007 1008 1007 1008 1007 1008 1007 1008
76 53 76 53 76 53 76 53 76 53
1023 1023 1023 1023 1023 1023 1023 1023 1023 1023
1024 1024 1024 1024 1024
221 3706 221 3706 3706 3706 3706 3706 3706 3706 3706 221 3706 3706 3706 3706 3706 3706 3706 3706 221 3706 3706 3706 3706 3706 3706 3706 3706 221
363 1025 811 266 1026 363 1025 811 266 1026 363 1025 811 266 1026 363 1025 811 266 1026 363 1025 811 266 1026
994 994 994 994 994 994 994 994 994 994 994 994 994 994 994 994 994 994 994 994 994 994 994 994 994 994 994 994 994 994 994 994 994
1027 1028 1029 1030 1031 1027 1028 1029 1030 1031 1027 1028 1029 1030 1031 1027 1028 1029 1030 1031 1027 1028 1029 1030 1031
1027 1027 1027 1027 1027
669 1032 669 669 669 669 669 669 669 669 1032 669 669 669 669 669 669 669 669 1032 669 669 669 669 669 669 669 669 1032 669 669 669 669 669 669 669 669 1032
422 408 422 408 422 408 422 408 422 408
805 805 662 805 805 662 805 805 662 805 805 662 805 805 662
1033 1033 1033 1033 1033
102 830 1034 1035 102 830 1034 1035 102 830 1034 1035 102 830 1034 1035 102 830 1034 1035
1036 1036 1036 1036 1036
1037 1037 1037 1037 1037 1037 1037 1037 1037 1037 1037 1037 1037 1037 1037 1037 1037 1037 1037 1037 1037 1037 1037 1037 1037 1037 1037 1037 1037 1037 1037 1037 1037
163 163 163 163 163
1038 46 123 461 1039 1040 123 123 123 123 123 123 123 1038 46 123 461 1039 1040 123 123 123 123 123 123 123 1038 46 123 461 1039 1040 123 123 123 123 123 123 123 1038 46 123 461 1039 1040 123 123 123 123 123 123 123 1038 46 123 461 1039 1040
885 1041 427 885 1041 427 885 1041 427 885 1041 427 885 1041 427
91 1042 1043 1043 1043 1043 1044 224 224 958 197 1045 1046 91 1042 1043 1043 1043 1043 1044 224 224 958 197 1045 1046 91 1042 1043 1043 1043 1043 1044 224 224 958 197 1045 1046 91 1042 1043 1043 1043 1043 1044 224 224 958 197 1045 1046 91 1042 1043 1043 1043 1043 1044 224 224 958 197 1045 1046
911 911 911 911 911
241 241 241 241 241
1047 1048 1047 1047 1048 1047 1047 1048 1047 1047 1048 1047 1047 1048 1047
349 1049 349 1049 349 1049 349 1049 349 1049
1050 736 1050 736 1050 736 1050 736 1050 736
263 263 263 263 263
1051 1051 1051 1051 1051
183 50 1052 1053 470 673 437 183 50 1052 1053 470 673 437 183 50 1052 1053 470 673 437 183 50 1052 1053 470 673 437 183 50 1052 1053 470 673 437
1054 1055 1055 130 776 777 1054 1055 1055 130 776 777 1054 1055 1055 130 776 777 1054 1055 1055 130 776 777 1054 1055 1055 130 776 777
178 1056 178 1056 178 1056 178 1056 178 1056
183 269 1057 183 269 1057 183 269 1057 183 269 1057 183 269 1057
354 354 354 354 354
507 507 507 507 507
1058 1058 1058 1058 1058
1059 1059 1059 1059 1059
221 3706 3706 221 3706 3706 3706 3706 3706 3706 3706 3706 3706 3706 3706 3706 3706 3706 3706 3706 221 3706 3706 3706 3706 3706 3706 3706 3706 3706 3706 3706 3706 3706 3706 3706 3706 221 3706 3706 3706 3706 3706 3706 3706 3706 3706 3706 3706 3706 3706 3706 3706 3706 221
1060 1060 1060 1060 1060
221 3706 221 3706 3706 3706 3706 3706 3706 3706 3706 221 3706 3706 3706 3706 3706 3706 3706 3706 221 3706 3706 3706 3706 3706 3706 3706 3706 221
278 1061 278 1061 278 1061 278 1061 278 1061
1062 1063 597 123 597 123 597 123 597 123 597 123 597 123 597 123 597 123 1062 1063 597 123 597 123 597 123 597 123 597 123 597 123 597 123 597 123 1062 1063 597 123 597 123 597 123 597 123 597 123 597 123 597 123 597 123 1062 1063 597 123 597 123 597 123 597 123 597 123 597 123 597 123 597 123 1062 1063 597 123
1064 597 597 597 597 597 597 597 597 1064 597 597 597 597 597 597 597 597 1064 597 597 597 597 597 597 597 597 1064 597 597 597 597 597 597 597 597 1064 597
349 170 1065 349 170 1065 349 170 1065 349 170 1065 349 170 1065
904 904 904 904 904 904 904 904 904 904 904 904 904 904 904 904 904 904 904 904 904 904 904 904 904 904 904 904 904 904 904 904 904
183 639 183 639 183 639 183 639 183 639
118 119 118 119 118 119 118 119 118 119 118 119 118 119 118 119 118 119 118 119 118 119 118 119 118 119 118 119 118 119 118 119 118 119 118 119 118 119 118 119 118 119 118 119 118 119 118 119 118 119 118 119 118 119 118 119 118 119 118 119 118 119 118 119 118 119
1066 1066 1066 1066 1066
1067 1068 1067 1068 1067 1068 1067 1068 1067 1068
1069 126 1069 126 1069 126 1069 126 1069 126
1070 1071 291 294 293 1070 1071 291 294 293 1070 1071 291 294 293 1070 1071 291 294 293 1070 1071 291 294 293
163 163 163 163 163 163 163 163 163 163
1072 1072 1072 1072 1072
698 1073 698 1073 698 1073 698 1073 698 1073
1072 1072 1072 1072 1072
19 929 551 19 929 551 19 929 551 19 929 551 19 929 551
1074 1074 1074 1074 1074 1074 1074 1074 1074 1074
156 156 156 156 156
156 1075 156 1075 156 1075 156 1075 156 1075
653 653 653 653 653
337 337 337 337 337
189 563 664 832 189 563 664 832 189 563 664 832 189 563 664 832 189 563 664 832
631 631 531 631 631 531 631 631 531 631 631 531 631 631 531
518 518 518 518 518
635 920 50 1076 635 920 50 1076 635 920 50 1076 635 920 50 1076 635 920 50 1076
597 842 597 597 597 597 597 597 597 597 842 597 597 597 597 597 597 597 597 842 597 597 597 597 597 597 597 597 842 597 597 597 597 597 597 597 597 842
1077 1078 1079 1080 156 1077 1078 1079 1080 156 1077 1078 1079 1080 156 1077 1078 1079 1080 156 1077 1078 1079 1080 156
393 393 393 393 393
1081 1081 1081 1081 1081
1082 805 1083 1082 805 1083 1082 805 1083 1082 805 1083 1082 805 1083
1084 1085 750 518 1084 1085 750 518 1084 1085 750 518 1084 1085 750 518 1084 1085 750 518
183 468 183 468 183 468 183 468 183 468
156 156 156 156 156
1086 1086 1086 1086 1086
1087 1088 1087 1088 1087 1088 1087 1088 1087 1088
1089 613 1089 613 1089 613 1089 613 1089 613
185 185 185 185 185
1090 1090 1091 1092 1090 1090 1091 1092 1090 1090 1091 1092 1090 1090 1091 1092 1090 1090 1091 1092
1093 1094 1095 1093 1094 1095 1093 1094 1095 1093 1094 1095 1093 1094 1095
28 28 28 28 28
1096 1097 1098 666 666 1096 1097 1098 666 666 1096 1097 1098 666 666 1096 1097 1098 666 666 1096 1097 1098 666 666
126 1099 126 1099 126 1099 126 1099 126 1099
183 843 1100 1101 477 183 843 1100 1101 477 183 843 1100 1101 477 183 843 1100 1101 477 183 843 1100 1101 477
1102 1103 1102 1103 1102 1103 1102 1103 1102 1103
1104 269 1104 269 1104 269 1104 269 1104 269
183 1105 183 1105 183 1105 183 1105 183 1105
25 25 25 25 25
1106 901 1106 901 1106 901 1106 901 1106 901
1107 1107 1107 1107 1107
2 2 2 2 2
1108 1108 1108 1108 1108
1109 1110 1111 1112 1113 1114 414 1115 786 87 320 1109 1110 1111 1112 1113 1114 414 1115 786 87 320 1109 1110 1111 1112 1113 1114 414 1115 786 87 320 1109 1110 1111 1112 1113 1114 414 1115 786 87 320 1109 1110 1111 1112 1113 1114 414 1115 786 87 320
1116 1116 1116 1116 1116
515 515 515 515 515
883 1117 1117 1117 1117 1117 1117 1117 1117 883 1117 1117 1117 1117 1117 1117 1117 1117 883 1117 1117 1117 1117 1117 1117 1117 1117 883 1117 1117 1117 1117 1117 1117 1117 1117 883 1117
566 863 35 566 863 35 566 863 35 566 863 35 566 863 35
47 379 1118 47 379 1118 47 379 1118 47 379 1118 47 379 1118
1119 1119 1119 1119 1119
1120 1121 1120 1121 1120 1121 1120 1121 1120 1121 1120 1121 1120 1121 1120 1121 1120 1121 1120 1121
1115 1122 154 1115 1122 154 1115 1122 154 1115 1122 154 1115 1122 154
702 702 702 702 702 702 702 702 702 702 702 702 702 702 702 702 702 702 702 702 702 702 702 702 702 702 702 702 702 702 702 702 702
113 104 113 104 113 104 113 104 113 104
85 85 85 85 85
1123 1124 1123 1124 1123 1124 1123 1124 1123 1124
1125 1125 1125 1125 1125
1126 1126 1126 1126 1126
1127 672 1128 609 1127 672 1128 609 1127 672 1128 609 1127 672 1128 609 1127 672 1128 609
1129 1130 1129 1130 1129 1130 1129 1130 1129 1130
1131 1131 1131 1131 1131
1132 494 494 1132 494 494 1132 494 494 1132 494 494 1132 494 494
633 468 508 1133 1122 1134 1135 633 468 508 1133 1122 1134 1135 633 468 508 1133 1122 1134 1135 633 468 508 1133 1122 1134 1135 633 468 508 1133 1122 1134 1135
261 261 261 261 261
1136 1136 1136 1136 1136
1137 646 1137 646 1137 646 1137 646 1137 646
49 1076 1052 124 49 1076 1052 124 49 1076 1052 124 49 1076 1052 124 49 1076 1052 124
176 1049 176 1049 176 1049 176 1049 176 1049
1138 1139 124 1040 1140 1141 878 1142 1141 1140 878 1141 1140 878 1141 1140 878 1141 1140 878 1141 1140 878 1141 1140 878 1141 1140 878 1138 1139 124 1040 1140 1141 878 1142 1141 1140 878 1141 1140 878 1141 1140 878 1141 1140 878 1141 1140 878 1141 1140 878 1141 1140 878 1138 1139 124 1040 1140 1141 878 1142 1141 1140 878 1141 1140 878 1141 1140 878 1141 1140 878 1141 1140 878 1141 1140 878 1141 1140 878 1138 1139 124 1040 1140 1141 878 1142 1141 1140 878 1141 1140 878 1141 1140 878 1141 1140 878 1141 1140 878 1141 1140 878 1141 1140 878 1138 1139 124 1040 1140 1141 878 1142
781 781 781 781 781
1096 85 1143 980 1096 85 1143 980 1096 85 1143 980 1096 85 1143 980 1096 85 1143 980
1096 1144 639 1096 1144 639 1096 1144 639 1096 1144 639 1096 1144 639
1145 136 441 295 1145 136 441 295 1145 136 441 295 1145 136 441 295 1145 136 441 295
613 613 613 613 613
163 163 163 163 163
47 47 47 47 47
85 85 85 85 85
100 149 1146 473 1147 1148 100 149 1146 473 1147 1148 100 149 1146 473 1147 1148 100 149 1146 473 1147 1148 100 149 1146 473 1147 1148
763 657 763 763 763 763 763 763 763 763 657 763 763 763 763 763 763 763 763 657 763 763 763 763 763 763 763 763 657 763 763 763 763 763 763 763 763 657
63 1149 1142 549 1150 498 63 1149 1142 549 1150 498 63 1149 1142 549 1150 498 63 1149 1142 549 1150 498 63 1149 1142 549 1150 498
569 569 569 569 569
1151 1144 1151 1144 1151 1144 1151 1144 1151 1144
1152 1152 1152 1152 1152
1153 1153 1153 1153 1153 1153 1153 1153 1153 1153 1153 1153 1153 1153 1153 1153 1153 1153 1153 1153 1153 1153 1153 1153 1153 1153 1153 1153 1153 1153 1153 1153 1153
1046 1045 1046 1045 1046 1045 1046 1045 1046 1045
1024 1024 1024 1024 1024
842 142 1154 1155 842 142 1154 1155 842 142 1154 1155 842 142 1154 1155 842 142 1154 1155
1156 1156 1156 1156 1156 1156 1156 1156 1156 1156 1156 1156 1156 1156 1156 1156 1156 1156 1156 1156 1156 1156 1156 1156 1156 1156 1156 1156 1156 1156 1156 1156 1156
1157 1157 1157 1157 1157
318 1158 1159 318 1158 1159 318 1158 1159 318 1158 1159 318 1158 1159
763 763 763 763 763 763 763 763 763 763 763 763 763 763 763 763 763 763 763 763 763 763 763 763 763 763 763 763 763 763 763 763 763
1160 1161 1160 1161 1160 1161 1160 1161 1160 1161
1162 1162 1162 1162 1162
119 118 118 119 118 119 118 119 118 119 118 119 118 119 118 119 119 118 118 119 118 119 118 119 118 119 118 119 118 119 118 119 119 118 118 119 118 119 118 119 118 119 118 119 118 119 118 119 119 118 118 119 118 119 118 119 118 119 118 119 118 119 118 119 119 118
1058 297 263 928 928 928 928 928 928 928 928 1058 297 263 928 3706 3706 928 3706 928 3706 928 3706 928 3706 928 3706 928 3706 928 1058 297 263 928 3706 3706 928 3706 928 3706 928 3706 928 3706 928 3706 928 3706 928 1058 297 263 928 3706 3706 928 3706 928 3706 928 3706 928 3706 928 3706 928 3706 928 1058 297 263 928 3706
864 864 864 864 864
864 864 864 864 864
864 864 864 864 864 864 864 864 864 864
864 864 864 864 864
672 1163 672 1163 672 1163 672 1163 672 1163
1164 222 1164 222 1164 222 1164 222 1164 222
1165 1166 1166 1166 1166 1166 1166 1166 1166 1165 1166 1166 1166 1166 1166 1166 1166 1166 1165 1166 1166 1166 1166 1166 1166 1166 1166 1165 1166 1166 1166 1166 1166 1166 1166 1166 1165 1166
1167 531 1167 531 1167 531 1167 531 1167 531
105 105 105 105 105
1034 1034 1034 1034 1034
986 1066 1168 1169 672 1170 1171 551 1172 986 1066 1168 1169 672 1170 1171 551 1172 986 1066 1168 1169 672 1170 1171 551 1172 986 1066 1168 1169 672 1170 1171 551 1172 986 1066 1168 1169 672 1170 1171 551 1172
550 550 550 550 550
1173 1173 1173 1173 1173
1174 1174 1174 1174 1174
1166 1176 1166 1166 1166 1166 1166 1166 1166 1166 1176 1166 1166 1166 1166 1166 1166 1166 1166 1176 1166 1166 1166 1166 1166 1166 1166 1166 1176 1166 1166 1166 1166 1166 1166 1166 1166 1176
19 183 337 109 19 183 337 109 19 183 337 109 19 183 337 109 19 183 337 109
5 5 5 5 5
1177 1177 1177 1177 1177 1177 1177 1177 1177 1177
263 263 263 263 263 263 263 263 263 263
1179 1179 1179 1179 1179
1180 1180 1180 1180 1180
296 813 741 296 813 741 296 813 741 296 813 741 296 813 741
703 1181 1182 703 1181 1182 703 1181 1182 703 1181 1182 703 1181 1182
509 509 509 509 509
1183 1184 350 863 170 1185 63 49 701 174 1186 990 781 1187 281 269 459 1183 1184 350 863 170 1185 63 49 701 174 1186 990 781 1187 281 269 459 1183 1184 350 863 170 1185 63 49 701 174 1186 990 781 1187 281 269 459 1183 1184 350 863 170 1185 63 49 701 174 1186 990 781 1187 281 269 459 1183 1184 350 863 170 1185 63 49 701 174 1186 990 781 1187 281 269 459
482 482 482 482 482
1188 1189 1188 1189 1188 1189 1188 1189 1188 1189
123 50 123 123 123 123 123 123 123 123 50 123 123 123 123 123 123 123 123 50 123 123 123 123 123 123 123 123 50 123 123 123 123 123 123 123 123 50
2 1190 2 1190 2 1190 2 1190 2 1190
139 139 139 139 139
1191 1192 1191 1192 1191 1192 1191 1192 1191 1192
19 1038 842 195 19 1038 842 195 19 1038 842 195 19 1038 842 195 19 1038 842 195
282 282 282 282 282
1193 424 1194 1193 424 1194 1193 424 1194 1193 424 1194 1193 424 1194
1195 1195 1195 1195 1195
329 325 328 327 1196 326 1197 463 464 466 465 329 325 328 327 1196 326 1197 463 464 466 465 329 325 328 327 1196 326 1197 463 464 466 465 329 325 328 327 1196 326 1197 463 464 466 465 329 325 328 327 1196 326 1197 463 464 466 465
1198 805 1199 1198 805 1199 1198 805 1199 1198 805 1199 1198 805 1199
1200 1201 1200 1201 1200 1201 1200 1201 1200 1201
98 98 98 98 98
222 222 222 222 222
1202 1202 1202 1202 1202
1203 1203 1203 1203 1203
345 345 345 345 345
1204 304 670 1205 1204 304 670 1205 1204 304 670 1205 1204 304 670 1205 1204 304 670 1205
700 222 1206 700 222 1206 700 222 1206 700 222 1206 700 222 1206
1207 1207 1207 1207 1207
531 1208 531 1208 531 1208 531 1208 531 1208
19 184 19 184 825 281 1075 19 184 19 184 825 281 1075 19 184 19 184 825 281 1075 19 184 19 184 825 281 1075 19 184 19 184 825 281 1075
1209 1209 1209 1209 1209
1210 1210 1210 1210 1210
1211 143 1211 143 1211 143 1211 143 1211 143
1212 3706 1212 3706 3706 3706 3706 3706 3706 3706 3706 1212 3706 3706 3706 3706 3706 3706 3706 3706 1212 3706 3706 3706 3706 3706 3706 3706 3706 1212
1213 700 1213 700 1213 700 1213 700 1213 700
1207 1207 1207 1207 1207
1142 1142 1142 1142 1142
1219 149 1219 149 1219 149 1219 149 1219 149
1220 1221 1220 1221 1220 1221 1220 1221 1220 1221
119 118 118 119 118 119 118 119 118 119 118 119 118 119 118 119 119 118 118 119 118 119 118 119 118 119 118 119 118 119 118 119 119 118 118 119 118 119 118 119 118 119 118 119 118 119 118 119 119 118 118 119 118 119 118 119 118 119 118 119 118 119 118 119 119 118
672 672 672 672 672
413 510 903 451 510 510 510 510 510 510 510 413 510 903 451 510 510 510 510 510 510 510 413 510 903 451 510 510 510 510 510 510 510 413 510 903 451 510 510 510 510 510 510 510 413 510 903 451
183 280 183 280 183 280 183 280 183 280
1173 1069 264 1173 1069 264 1173 1069 264 1173 1069 264 1173 1069 264
1056 1222 1223 1224 32 1056 1222 1223 1224 32 1056 1222 1223 1224 32 1056 1222 1223 1224 32 1056 1222 1223 1224 32
1225 1225 1225 1225 1225
710 1226 1227 263 1228 710 1226 1227 263 1228 710 1226 1227 263 1228 710 1226 1227 263 1228 710 1226 1227 263 1228
499 1229 722 499 1229 722 499 1229 722 499 1229 722 499 1229 722
1094 1232 666 666 57 1094 1232 666 666 57 1094 1232 666 666 57 1094 1232 666 666 57 1094 1232 666 666 57
1233 1234 1207 1233 1234 1207 1233 1234 1207 1233 1234 1207 1233 1234 1207
1235 1236 1237 1235 1236 1237 1235 1236 1237 1235 1236 1237 1235 1236 1237
105 332 9 182 150 105 332 9 182 150 105 332 9 182 150 105 332 9 182 150 105 332 9 182 150
649 155 1133 649 155 1133 649 155 1133 649 155 1133 649 155 1133
924 635 1238 924 924 924 924 924 924 924 924 635 1238 924 924 924 924 924 924 924 924 635 1238 924 924 924 924 924 924 924 924 635 1238 924 924 924 924 924 924 924 924 635 1238
1239 1239 1239 1239 1239
1049 828 1049 828 1049 828 1049 828 1049 828
1240 1241 1240 1241 1240 1241 1240 1241 1240 1241
1242 1242 1242 1242 1242
1016 935 1243 100 1244 178 671 1245 1246 364 113 1247 831 830 1016 1016 1016 1016 1016 1016 1016 1016 935 1243 100 1244 178 671 1245 1246 364 113 1247 831 830 1016 1016 1016 1016 1016 1016 1016 1016 935 1243 100 1244 178 671 1245 1246 364 113 1247 831 830 1016 1016 1016 1016 1016 1016 1016 1016 935 1243 100 1244 178 671 1245 1246 364 113 1247 831 830 1016 1016 1016 1016 1016 1016 1016 1016 935 1243 100 1244 178 671 1245 1246 364 113 1247 831 830
1248 1248 1248 1248 1248 1248 1248 1248 1248 1248 1248 1248 1248 1248 1248
1249 1249 1249 1249 1249
1250 1250 1250 1250 1250
1251 1251 1251 1251 1251
263 263 263 263 263 263 263 263 263 263 263 263 263 263 263
1252 1252 1252 1252 1252
1063 1063 1063 1063 1063
1253 1253 1253 1253 1253
1254 1254 1255 1256 1254 1254 1255 1256 1254 1254 1255 1256 1254 1254 1255 1256 1254 1254 1255 1256
156 156 156 156 156
672 672 672 672 672
156 184 156 184 156 184 156 184 156 184
946 141 280 1257 946 141 280 1257 946 141 280 1257 946 141 280 1257 946 141 280 1257
789 789 789 1258 1259 789 789 789 1258 1259 789 789 789 1258 1259 789 789 789 1258 1259 789 789 789 1258 1259
1260 665 1260 665 1260 665 1260 665 1260 665
261 549 261 301 653 261 549 261 301 653 261 549 261 301 653 261 549 261 301 653 261 549 261 301 653
1016 1016 1016 1016 1016 1016 1016 1016 1016 1016 1016 1016 1016 1016 1016 1016 1016 1016 1016 1016 1016 1016 1016 1016 1016 1016 1016 1016 1016 1016 1016 1016 1016
301 653 1261 301 653 1261 301 653 1261 301 653 1261 301 653 1261
1262 1262 1262 1262 1262
156 1263 1264 1179 156 1263 1264 1179 156 1263 1264 1179 156 1263 1264 1179 156 1263 1264 1179
135 141 683 1142 135 141 683 1142 135 141 683 1142 135 141 683 1142 135 141 683 1142
191 191 191 191 191
713 1266 713 1266 713 1266 713 1266 713 1266
1267 1050 1267 1050 1267 1050 1267 1050 1267 1050
1063 1091 1091 1268 1063 1091 1091 1268 1063 1091 1091 1268 1063 1091 1091 1268 1063 1091 1091 1268
1269 1269 1269 1269 1269
1063 1091 1268 1063 1091 1268 1063 1091 1268 1063 1091 1268 1063 1091 1268
303 1270 1269 303 1270 1269 303 1270 1269 303 1270 1269 303 1270 1269
1271 82 1272 1271 82 1272 1271 82 1272 1271 82 1272 1271 82 1272
1273 1273 1273 1273 1273
1274 1274 1274 1274 1274
376 376 376 376 376
149 985 149 985 149 985 149 985 149 985
1279 1279 1279 1279 1279
110 110 110 110 110
1280 104 1280 104 1280 104 1280 104 1280 104
702 1281 702 702 702 702 702 702 702 702 1281 702 702 702 702 702 702 702 702 1281 702 702 702 702 702 702 702 702 1281 702 702 702 702 702 702 702 702 1281
1282 1283 221 1282 1283 3706 221 3706 3706 3706 3706 3706 3706 3706 1282 1283 3706 221 3706 3706 3706 3706 3706 3706 3706 1282 1283 3706 221 3706 3706 3706 3706 3706 3706 3706 1282 1283 3706 221
1288 306 306 306 1288 306 306 306 1288 306 306 306 1288 306 306 306 1288 306 306 306
1289 1289 1289 1289 1289
1291 1291 1291 1291 1291
1292 1292 1292 1292 1292
1294 1294 1294 1294 1294
1295 1295 1295 1295 1295
437 437 437 437 437
303 1296 721 721 721 721 721 721 721 721 303 1296 721 721 721 721 721 721 721 721 303 1296 721 721 721 721 721 721 721 721 303 1296 721 721 721 721 721 721 721 721 303 1296 721
1297 1298 1297 1298 1297 1298 1297 1298 1297 1298
523 523 523 523 523
83 1199 83 1199 83 1199 83 1199 83 1199
1299 80 1300 143 1301 1302 1303 1207 1608 1048 1608 1608 1608 1608 1608 1608 1608 1299 80 1300 143 1301 1302 1303 1207 1608 1048 1608 1608 1608 1608 1608 1608 1608 1299 80 1300 143 1301 1302 1303 1207 1608 1048 1608 1608 1608 1608 1608 1608 1608 1299 80 1300 143 1301 1302 1303 1207 1608 1048 1608 1608 1608 1608 1608 1608 1608 1299 80 1300 143 1301 1302 1303 1207 1608 1048
693 1304 1246 1246 2483 2484 686 2483 2484 2483 2484 2483 2484 2483 2484 2483 2484 2483 2484 2483 2484 693 1304 1246 1246 2483 2484 686 2483 2484 2483 2484 2483 2484 2483 2484 2483 2484 2483 2484 2483 2484 693 1304 1246 1246 2483 2484 686 2483 2484 2483 2484 2483 2484 2483 2484 2483 2484 2483 2484 2483 2484 693 1304 1246 1246 2483 2484 686 2483 2484 2483 2484 2483 2484 2483 2484 2483 2484 2483 2484 2483 2484 693 1304 1246 1246 2483 2484 686
1305 1305 1305 1305 1305
1306 1306 1306 1306 1306
787 787 787 787 787
759 230 759 230 759 230 759 230 759 230
1307 1308 1309 1307 1308 1309 1307 1308 1309 1307 1308 1309 1307 1308 1309
575 575 575 575 575
1310 1310 1310 1310 1310
1311 1311 1311 1311 1311 1311 1311 1311 1311 1311 1311 1311 1311 1311 1311 1311 1311 1311 1311 1311 1311 1311 1311 1311 1311 1311 1311 1311 1311 1311 1311 1311 1311
349 1100 949 349 1100 949 349 1100 949 349 1100 949 349 1100 949
104 384 104 384 104 384 104 384 104 384
1312 1313 1314 1315 698 1312 1313 1314 1315 698 1312 1313 1314 1315 698 1312 1313 1314 1315 698 1312 1313 1314 1315 698
1316 1316 1316 1316 1316 1316 1316 1316 1316 1316
1316 845 1316 845 1316 845 1316 845 1316 845
263 263 263 263 263
1317 1317 1317 1317 1317
118 119 1207 118 119 118 119 118 119 118 119 118 119 118 119 118 119 118 119 1207 118 119 118 119 118 119 118 119 118 119 118 119 118 119 118 119 1207 118 119 118 119 118 119 118 119 118 119 118 119 118 119 118 119 1207 118 119 118 119 118 119 118 119 118 119 118 119 118 119 118 119 1207
48 48 48 48 48
1318 1012 149 497 304 815 470 263 1318 1012 149 497 304 815 470 263 1318 1012 149 497 304 815 470 263 1318 1012 149 497 304 815 470 263 1318 1012 149 497 304 815 470 263
1319 1319 1319 1319 1319
1172 1172 1172 1172 1172
268 268 268 268 268
1320 1321 123 1322 1322 123 1322 123 1322 123 1322 123 1322 123 1322 123 1322 123 1320 1321 123 1322 1322 123 1322 123 1322 123 1322 123 1322 123 1322 123 1322 123 1320 1321 123 1322 1322 123 1322 123 1322 123 1322 123 1322 123 1322 123 1322 123 1320 1321 123 1322 1322 123 1322 123 1322 123 1322 123 1322 123 1322 123 1322 123 1320 1321 123 1322
947 947 947 947 947
100 100 100 100 100
947 1323 947 1323 947 1323 947 1323 947 1323
1324 1324 1324 1324 1324
541 915 541 915 541 915 541 915 541 915
1325 759 1326 1327 1328 1325 759 1326 1327 1328 1325 759 1326 1327 1328 1325 759 1326 1327 1328 1325 759 1326 1327 1328
1132 1132 1132 1132 1132
70 70 70 70 70
20 20 20 20 20
1329 1329 1329 1329 1329
1330 118 110 118 118 118 118 118 118 118 1330 118 110 118 118 118 118 118 118 118 1330 118 110 118 118 118 118 118 118 118 1330 118 110 118 118 118 118 118 118 118 1330 118 110
1331 1331 1331 1331 1331
1332 1332 1332 1332 1332
1333 1334 1335 1128 1333 1334 1335 1128 1333 1334 1335 1128 1333 1334 1335 1128 1333 1334 1335 1128
63 63 63 63 63
191 231 191 231 191 231 191 231 191 231
263 1 1195 263 1 1195 263 1 1195 263 1 1195 263 1 1195
1336 1336 1336 1336 1336
928 928 928 928 928 928 928 928 3706 928 3706 928 3706 928 3706 928 3706 928 3706 928 3706 928 3706 928 3706 928 3706 928 3706 928 3706 928 3706 928 3706 928 3706 928 3706 928 3706 928 3706 928 3706 928 3706 928 3706 928 3706 928 3706 928 3706 928 3706 928
895 895 895 895 895
1337 221 1337 1337 1337 1337 1337 1337 1337 1337 221 1337 1337 1337 1337 1337 1337 1337 1337 221 1337 1337 1337 1337 1337 1337 1337 1337 221 1337 1337 1337 1337 1337 1337 1337 1337 221
172 1207 172 1207 172 1207 172 1207 172 1207
1338 1338 1338 1338 1338
179 697 497 179 697 497 179 697 497 179 697 497 179 697 497
600 1339 697 1340 1341 1342 1343 1344 600 1339 697 1340 1341 1342 1343 1344 600 1339 697 1340 1341 1342 1343 1344 600 1339 697 1340 1341 1342 1343 1344 600 1339 697 1340 1341 1342 1343 1344
571 1010 280 241 571 1010 280 241 571 1010 280 241 571 1010 280 241 571 1010 280 241
78 200 78 200 78 200 78 200 78 200
597 136 597 597 597 597 597 597 597 597 136 597 597 597 597 597 597 597 597 136 597 597 597 597 597 597 597 597 136 597 597 597 597 597 597 597 597 136
455 1039 1200 455 1039 1200 455 1039 1200 455 1039 1200 455 1039 1200
328 466 463 326 329 465 325 354 328 466 463 326 329 465 325 354 328 466 463 326 329 465 325 354 328 466 463 326 329 465 325 354 328 466 463 326 329 465 325 354
1116 60 1116 60 1116 60 1116 60 1116 60
1345 1346 1345 1346 1345 1346 1345 1346 1345 1346
369 369 369 369 369
1347 1348 637 1207 1347 1348 637 1207 1347 1348 637 1207 1347 1348 637 1207 1347 1348 637 1207
281 523 281 523 281 523 281 523 281 523
1207 1207 1207 1207 1207
303 19 1349 302 303 19 1349 302 303 19 1349 302 303 19 1349 302 303 19 1349 302
124 1139 124 1139 124 1139 124 1139 124 1139
774 774 774 774 774 774 774 774 774 774 774 774 774 774 774
337 1350 320 32 337 1350 320 32 337 1350 320 32 337 1350 320 32 337 1350 320 32
197 197 197 197 197
19 302 163 19 302 163 19 302 163 19 302 163 19 302 163
669 669 669 669 669 669 669 669 669 669 669 669 669 669 669 669 669 669 669 669 669 669 669 669 669 669 669 669 669 669 669 669 669
1351 1351 1351 1351 1351 1351 1351 1351 1351 1351 1351 1351 1351 1351 1351 1351 1351 1351 1351 1351 1351 1351 1351 1351 1351 1351 1351 1351 1351 1351 1351 1351 1351
531 969 531 969 531 969 531 969 531 969
1200 1200 1200 1200 1200
184 156 184 156 184 156 184 156 184 156
1352 1352 1352 1352 1352
1353 1353 1353 1353 1353
1354 1354 1354 1354 1354
62 1355 1356 682 62 1355 1356 682 62 1355 1356 682 62 1355 1356 682 62 1355 1356 682
1207 1207 1207 1207 1207
1207 1207 1207 1207 1207
1207 1207 1207 1207 1207
1207 1207 1207 1207 1207
139 139 139 139 139
327 463 327 463 327 463 327 463 327 463
1318 1357 1318 1357 1318 1357 1318 1357 1318 1357
531 531 531 531 531
76 76 76 76 76
663 34 444 663 34 444 663 34 444 663 34 444 663 34 444
924 924 924 924 924 924 924 924 924 924 924 924 924 924 924 924 924 924 924 924 924 924 924 924 924 924 924 924 924 924 924 924 924
1358 1359 154 293 416 320 1358 1359 154 293 416 320 1358 1359 154 293 416 320 1358 1359 154 293 416 320 1358 1359 154 293 416 320
174 528 174 528 174 528 174 528 174 528
357 441 357 441 357 441 357 441 357 441
48 183 357 441 48 183 357 441 48 183 357 441 48 183 357 441 48 183 357 441
1360 1360 1360 1360 1360
1361 700 1361 700 1361 700 1361 700 1361 700
156 156 156 156 156
1362 1362 1362 1362 1362
1363 66 1363 66 1363 66 1363 66 1363 66
1364 1364 1364 1364 1364
753 1125 296 753 1125 296 753 1125 296 753 1125 296 753 1125 296
1365 1365 1365 1365 1365
924 924 924 924 924 924 924 924 924 924 924 924 924 924 924 924 924 924 924 924 924 924 924 924 924 924 924 924 924 924 924 924 924
98 98 98 98 98
703 43 1366 1366 1207 703 43 1366 1366 1207 703 43 1366 1366 1207 703 43 1366 1366 1207 703 43 1366 1366 1207
703 1366 1366 43 1207 703 1366 1366 43 1207 703 1366 1366 43 1207 703 1366 1366 43 1207 703 1366 1366 43 1207
701 63 985 24 1367 1167 126 701 63 985 24 1367 1167 126 701 63 985 24 1367 1167 126 701 63 985 24 1367 1167 126 701 63 985 24 1367 1167 126
985 985 985 985 985 985 985 985 985 985
1265 1265 1265 1265 1265
672 672 672 672 672
1368 1368 1368 1368 1368 1368 1368 1368 1368 1368 1368 1368 1368 1368 1368 1368 1368 1368 1368 1368 1368 1368 1368 1368 1368 1368 1368 1368 1368 1368 1368 1368 1368
983 354 1123 983 354 1123 983 354 1123 983 354 1123 983 354 1123
703 379 263 703 379 263 703 379 263 703 379 263 703 379 263
263 14 263 14 14 14 14 14 14 14 263 14 263 14 14 14 14 14 14 14 263 14 263 14 14 14 14 14 14 14 263 14 263 14 14 14 14 14 14 14 263 14 263
325 327 325 327 325 327 325 327 325 327
1369 1369 1369 1369 1369
1370 1371 1370 1371 1370 1371 1370 1371 1370 1371
1245 536 419 420 57 1049 473 1372 1245 536 419 420 57 1049 473 1372 1245 536 419 420 57 1049 473 1372 1245 536 419 420 57 1049 473 1372 1245 536 419 420 57 1049 473 1372
1373 1374 1373 1374 1373 1374 1373 1374 1373 1374
25 25 25 25 25
19 19 19 19 19
135 549 1279 135 549 1279 135 549 1279 135 549 1279 135 549 1279
767 767 767 767 767
1375 1376 166 1377 1375 1376 166 1377 1375 1376 166 1377 1375 1376 166 1377 1375 1376 166 1377
281 281 281 281 281
126 852 1378 126 852 1378 126 852 1378 126 852 1378 126 852 1378
54 1379 54 54 54 54 54 54 54 54 1379 54 54 54 54 54 54 54 54 1379 54 54 54 54 54 54 54 54 1379 54 54 54 54 54 54 54 54 1379
1380 1380 1380 1380 1380
408 408 408 408 408
1138 1138 1138 1138 1138
296 296 296 296 296
1388 1388 1388 1388 1388
1389 1389 1389 1389 1389
547 547 547 547 547
1116 1116 1116 1116 1116
184 183 157 111 263 867 1306 1390 1390 1390 1390 1390 1390 1390 1390 184 183 157 111 263 867 1306 1390 1390 1390 1390 1390 1390 1390 1390 184 183 157 111 263 867 1306 1390 1390 1390 1390 1390 1390 1390 1390 184 183 157 111 263 867 1306 1390 1390 1390 1390 1390 1390 1390 1390 184 183 157 111 263 867 1306 1390
540 410 1391 540 410 1391 540 410 1391 540 410 1391 540 410 1391
1207 1207 1207 1207 1207
1097 125 536 1309 419 1097 125 536 1309 419 1097 125 536 1309 419 1097 125 536 1309 419 1097 125 536 1309 419
1392 1392 1392 1392 1392
123 123 123 123 123 123 123 123 123 123 123 123 123 123 123 123 123 123 123 123 123 123 123 123 123 123 123 123 123 123 123 123 123
1394 1394 1394 1394 1394
1395 1395 1395 1395 1395
336 336 336 336 336
531 531 531 531 531
1396 1397 868 262 2567 1396 1397 868 262 2567 1396 1397 868 262 2567 1396 1397 868 262 2567 1396 1397 868 262 2567
1398 842 1398 842 1398 842 1398 842 1398 842
1399 1399 1399 1399 1399
1400 1400 1401 1401 1402 393 1400 1400 1401 1401 1402 393 1400 1400 1401 1401 1402 393 1400 1400 1401 1401 1402 393 1400 1400 1401 1401 1402 393
138 241 138 241 138 241 138 241 138 241
1403 1403 1403 1403 1403
1169 1169 1169 1169 1169
941 941 941 941 941
672 1163 672 1163 672 1163 672 1163 672 1163
1404 1405 1404 1405 1404 1405 1404 1405 1404 1405
303 303 303 303 303
1406 635 49 186 1300 1407 885 1327 468 468 892 1406 635 49 186 1300 1407 885 1327 468 468 892 1406 635 49 186 1300 1407 885 1327 468 468 892 1406 635 49 186 1300 1407 885 1327 468 468 892 1406 635 49 186 1300 1407 885 1327 468 468 892
183 183 183 183 183
1408 376 1409 1409 733 782 455 1408 376 1409 1409 733 782 455 1408 376 1409 1409 733 782 455 1408 376 1409 1409 733 782 455 1408 376 1409 1409 733 782 455
1051 1051 1051 1051 1051
490 165 154 293 416 1410 415 164 54 54 54 54 54 54 54 54 490 165 154 293 416 1410 415 164 54 54 54 54 54 54 54 54 490 165 154 293 416 1410 415 164 54 54 54 54 54 54 54 54 490 165 154 293 416 1410 415 164 54 54 54 54 54 54 54 54 490 165 154 293 416 1410 415 164 54
185 185 185 185 185
1411 1411 1411 1411 1411
662 662 662 662 662
471 471 471 471 471
526 526 526 526 526
808 808 808 808 808
404 1412 404 1412 404 1412 404 1412 404 1412
184 382 184 382 184 382 184 382 184 382
1413 420 1413 420 1413 420 1413 420 1413 420
669 1414 190 653 1415 1416 669 669 669 669 669 669 669 669 1414 190 653 1415 1416 669 669 669 669 669 669 669 669 1414 190 653 1415 1416 669 669 669 669 669 669 669 669 1414 190 653 1415 1416 669 669 669 669 669 669 669 669 1414 190 653 1415 1416
1417 1417 1417 1417 1417
329 325 327 328 463 326 465 466 464 1196 329 325 327 328 463 326 465 466 464 1196 329 325 327 328 463 326 465 466 464 1196 329 325 327 328 463 326 465 466 464 1196 329 325 327 328 463 326 465 466 464 1196
1418 1418 1418 1418 1418 1418 1418 1418 1418 1418 1418 1418 1418 1418 1418 1418 1418 1418 1418 1418 1418 1418 1418 1418 1418 1418 1418 1418 1418 1418 1418 1418 1418
123 139 597 543 597 123 597 123 597 123 597 123 597 123 597 123 597 123 123 139 597 543 597 123 597 123 597 123 597 123 597 123 597 123 597 123 123 139 597 543 597 123 597 123 597 123 597 123 597 123 597 123 597 123 123 139 597 543 597 123 597 123 597 123 597 123 597 123 597 123 597 123 123 139 597 543
467 467 467 467 467
1279 1279 1279 1279 1279
1361 1361 1361 1361 1361
191 191 191 191 191
618 553 1419 303 186 618 553 1419 303 186 618 553 1419 303 186 618 553 1419 303 186 618 553 1419 303 186
1420 221 1292 858 706 1420 221 1292 858 706 1420 221 1292 858 706 1420 221 1292 858 706 1420 221 1292 858 706
1420 221 1292 858 706 1421 1422 1420 221 1292 858 706 1421 1422 1420 221 1292 858 706 1421 1422 1420 221 1292 858 706 1421 1422 1420 221 1292 858 706 1421 1422
1166 1423 1166 1166 1166 1166 1166 1166 1166 1166 1423 1166 1166 1166 1166 1166 1166 1166 1166 1423 1166 1166 1166 1166 1166 1166 1166 1166 1423 1166 1166 1166 1166 1166 1166 1166 1166 1423
263 263 263 263 263
1424 187 1424 187 1424 187 1424 187 1424 187
19 50 19 50 19 50 19 50 19 50
263 263 263 263 263
96 615 136 96 615 136 96 615 136 96 615 136 96 615 136
261 1005 437 352 2576 261 1005 437 352 2576 261 1005 437 352 2576 261 1005 437 352 2576 261 1005 437 352 2576
1426 1427 1427 1427 1426 1427 1427 1427 1426 1427 1427 